*pattern # px py radius num_vertedges
0.00144 0.00088000001 0.00019999999 13

*Q # dofs: x y z t
-0.00032959311 -0.00038851173 0.00023495984 0.051622108
-0.0004543592 -0.00018749384 0.00019560196 0.045176728
-0.00049820439 0.00013583127 -6.7560225e-05 -0.27891638
-0.00020425905 0.00030101745 -0.00030620915 -0.39826018
0.00030243123 0.00028595522 -0.0002675143 -0.29036372
0.0005916757 0.00011745615 -1.0958537e-05 0.042982007
0.00059686821 -0.00016744742 0.00023100262 0.024267196
0.00046499347 0.00047700428 0.00030390454 0.038862187
0.00022466079 0.00010441612 0.00021001482 0.097287338
0.00028966658 -0.00022881541 -6.6552349e-05 0.17572765
-0.00068518918 -0.00036500902 -0.00025754463 0.21538557
-0.00018700466 -0.00020699007 -0.00015506808 0.18720174
-9.6997807e-05 0.00013153544 0.00010319479 0.098022747

*E # edges: v0 v1 dx dy
0 1 0 0
1 2 0 0
2 3 0 0
3 4 0 0
4 5 0 0
5 6 0 0
6 7 0 -1
7 8 0 0
8 9 0 0
9 10 1 0
10 11 0 0
11 12 0 0
12 0 0 1

*RL # rest lengths
0.00023085441
0.00041266151
0.00041073086
0.0004985887
0.00041297019
0.00036717137
0.0002699727
0.0004357192
0.00043251732
0.00050083667
0.00051337189
0.00042922316
0.00043050707

*RK # rest kappas
0 0
0 0
0 0
0 0
0 0
0 0
0 0
0 0
0 0
0 0
0 0
0 0
0 0

*RT # rest twists
0
0
0
0
0
0
0
0
0
0
0
0
0

*RefD1 # reference directors
-0.85265363 -0.49872483 0.15574123
-0.98851496 -0.14986813 -0.019434796
-0.67027405 0.63291418 -0.38749495
0.065020094 0.85178302 -0.51984427
0.68971003 0.6235753 -0.36804065
0.99051921 -0.077990839 -0.11308902
0.88145454 -0.45866916 0.11251885
0.82608254 -0.5560076 0.091886746
0.95770964 -0.04855631 0.28360983
0.45023017 0.53171277 0.71733836
-0.33385151 0.56153567 0.75711351
-0.93813333 -0.014512291 0.34597
-0.81473014 -0.56840716 0.11457791

*RefT # reference twists
0.037137623
-0.0032591267
0.30841237
0.10328626
-0.12247905
-0.34627835
0.009109113
-0.024522851
-0.073314171
-0.097135773
-0.056863164
0.008530129
0.074668926

