*pattern # px py radius num_vertedges
0.0107037 0.0103 0.0009999 80

*Q # dofs: x y z t
-0.00516989 -0.00362864 0.000354054 0.0159776
-0.00420269 -0.00366254 0.00120278 0.0371434
-0.00290352 -0.00366745 0.00139109 0.0152211
-0.00160213 -0.0035558 0.00139925 -0.0207503
-0.000499916 -0.00358195 0.00072042 -0.0145703
0.000262953 -0.00362869 -0.000354031 -0.0160005
0.00123017 -0.00366259 -0.00120275 -0.0367235
0.00252933 -0.00366749 -0.00139107 -0.0145661
0.00383072 -0.0035558 -0.00139924 0.0199055
0.00493292 -0.00358193 -0.000720411 0.0143632
-0.00569594 -0.00159586 -0.000354033 0.0141199
-0.00493311 -0.00164258 0.000720412 0.0198755
-0.00383092 -0.00166872 0.00139924 -0.0149847
-0.00252949 -0.00155707 0.00139106 -0.0361942
-0.00123039 -0.001562 0.00120276 -0.0159983
-0.000263115 -0.00159589 0.000353994 -0.0147497
0.000499711 -0.00164263 -0.000720453 -0.0197924
0.0016019 -0.00166876 -0.00139928 0.0148579
0.00290333 -0.00155706 -0.00139109 0.0370803
0.00420243 -0.00156197 -0.00120277 0.0157858
-0.00516973 0.00159592 -0.000354029 -0.0159303
-0.00420251 0.00156203 -0.00120275 -0.0371329
-0.00290334 0.00155711 -0.0013911 -0.0151771
-0.00160194 0.00166876 -0.0013993 0.0207846
-0.000499734 0.00164261 -0.000720472 0.0145664
0.000263112 0.00159587 0.000353997 0.0159847
0.00123033 0.00156197 0.00120271 0.036645
0.00252949 0.00155706 0.00139107 0.0144788
0.00383093 0.00166876 0.00139929 -0.0198969
0.0049331 0.00164264 0.000720452 -0.0143224
-0.00569577 0.0036287 0.000354063 -0.0141146
-0.00493294 0.00358198 -0.000720361 -0.0198927
-0.00383075 0.00355584 -0.00139919 0.0149581
-0.00252931 0.00366748 -0.00139106 0.0362241
-0.00123022 0.00366256 -0.00120279 0.015975
-0.000262957 0.00362867 -0.000354028 0.014718
0.000499883 0.00358193 0.000720396 0.0197342
0.00160207 0.00355579 0.00139922 -0.0149244
0.00290351 0.00366748 0.00139108 -0.0369945
0.00420261 0.00366259 0.00120281 -0.0156831
-0.00371391 -0.00498627 -0.000396616 -0.0101399
-0.00373111 -0.00403232 -0.00114305 0.0176204
-0.0037607 -0.00281179 -0.0012739 0.0186907
-0.00369786 -0.00159506 -0.00118724 0.00600984
-0.00371409 -0.000550606 -0.000561401 0.0100017
-0.00371389 0.000238257 0.000396755 0.010163
-0.00373105 0.00119224 0.00114316 -0.0175356
-0.00376063 0.00241277 0.00127399 -0.0187395
-0.0036978 0.0036295 0.00118736 -0.00606446
-0.00371406 0.00467396 0.000561526 -0.0100061
-0.00171893 -0.00546281 0.000396639 -0.00996767
-0.00171879 -0.0046739 -0.000561491 -0.00594643
-0.00173505 -0.00362945 -0.00118735 -0.0185454
-0.00167222 -0.00241268 -0.00127401 -0.0176178
-0.00170181 -0.00119219 -0.00114318 0.010202
-0.00171896 -0.000238203 -0.000396766 0.00995545
-0.00171875 0.000550671 0.000561381 0.00599519
-0.00173497 0.00159512 0.00118724 0.0186002
-0.00167213 0.00281188 0.00127392 0.0175525
-0.00170172 0.00403237 0.00114308 -0.010228
0.00171894 -0.00498637 0.000396594 0.00995035
0.00170173 -0.00403243 0.00114306 -0.0178176
0.00167218 -0.00281194 0.00127391 -0.0181624
0.00173501 -0.00159517 0.00118721 -0.00609325
0.00171877 -0.000550714 0.000561406 -0.00965237
0.00171897 0.000238173 -0.00039673 -0.00996817
0.00170181 0.00119213 -0.00114316 0.0178269
0.00167227 0.00241263 -0.001274 0.0181532
0.00173509 0.0036294 -0.00118733 0.00611168
0.00171881 0.00467386 -0.000561523 0.00965163
0.00371392 -0.00546281 -0.000396684 0.0096424
0.00371406 -0.00467396 0.000561454 0.00613808
0.00369782 -0.00362955 0.00118737 0.018255
0.00376068 -0.00241276 0.00127402 0.0179584
0.00373106 -0.00119222 0.0011432 -0.00988558
0.00371389 -0.000238212 0.00039682 -0.00966594
0.00371409 0.000550613 -0.000561328 -0.0061428
0.00369789 0.00159502 -0.00118725 -0.0182519
0.00376076 0.00281181 -0.00127392 -0.0179348
0.00373114 0.00403233 -0.0011431 0.00988711

*E # edges [v0, v1, dx, dy]
9 0 1 0
0 1 0 0
1 2 0 0
2 3 0 0
3 4 0 0
4 5 0 0
5 6 0 0
6 7 0 0
7 8 0 0
8 9 0 0
19 10 1 0
10 11 0 0
11 12 0 0
12 13 0 0
13 14 0 0
14 15 0 0
15 16 0 0
16 17 0 0
17 18 0 0
18 19 0 0
29 20 1 0
20 21 0 0
21 22 0 0
22 23 0 0
23 24 0 0
24 25 0 0
25 26 0 0
26 27 0 0
27 28 0 0
28 29 0 0
39 30 1 0
30 31 0 0
31 32 0 0
32 33 0 0
33 34 0 0
34 35 0 0
35 36 0 0
36 37 0 0
37 38 0 0
38 39 0 0
49 40 0 1
40 41 0 0
41 42 0 0
42 43 0 0
43 44 0 0
44 45 0 0
45 46 0 0
46 47 0 0
47 48 0 0
48 49 0 0
59 50 0 1
50 51 0 0
51 52 0 0
52 53 0 0
53 54 0 0
54 55 0 0
55 56 0 0
56 57 0 0
57 58 0 0
58 59 0 0
69 60 0 1
60 61 0 0
61 62 0 0
62 63 0 0
63 64 0 0
64 65 0 0
65 66 0 0
66 67 0 0
67 68 0 0
68 69 0 0
79 70 0 1
70 71 0 0
71 72 0 0
72 73 0 0
73 74 0 0
74 75 0 0
75 76 0 0
76 77 0 0
77 78 0 0
78 79 0 0

*RL # rest lengths
0.00128788
0.00131362
0.00130707
0.00129548
0.00131907
0.00128789
0.00131361
0.00130707
0.00129547
0.00131907
0.00131904
0.00129546
0.00130711
0.00131355
0.00128796
0.00131904
0.00129546
0.00130711
0.00131355
0.00128795
0.00128789
0.00131363
0.00130707
0.00129548
0.00131907
0.00128788
0.00131362
0.00130713
0.00129544
0.00131907
0.00131903
0.00129546
0.00130711
0.00131354
0.00128795
0.00131903
0.00129546
0.00130711
0.00131355
0.00128794
0.001212
0.00122864
0.00122219
0.00121837
0.00124161
0.001212
0.00122865
0.00122219
0.00121837
0.00124162
0.00124162
0.00121837
0.00122224
0.0012286
0.00121201
0.00124161
0.00121837
0.00122223
0.0012286
0.00121201
0.001212
0.00122861
0.00122223
0.00121835
0.00124161
0.001212
0.00122861
0.00122223
0.00121836
0.0012416
0.00124159
0.00121837
0.00122225
0.00122865
0.00121201
0.00124158
0.00121837
0.00122225
0.00122864
0.00121201

*RK # rest kappas
0.00333489 -0.222062
0.00129923 -0.55471
0.084696 -0.0920552
-0.10671 -0.52847
-0.0113406 -0.382626
0.0058799 0.222006
0.00779943 0.554638
0.0858056 0.0910352
-0.10042 0.52973
-0.00689289 0.382735
-0.0054756 0.222063
0.010569 -0.382665
0.105482 -0.528735
-0.084916 -0.0918528
-0.00247838 -0.554679
-0.00376964 -0.222083
0.00770848 0.382736
0.101705 0.529492
-0.0856032 0.0912304
-0.00660265 0.554623
0.00334745 0.222093
0.00132354 0.554671
0.0847056 0.09204
-0.106694 0.528512
-0.0113299 0.382644
0.00587413 -0.22203
0.00781806 -0.554602
0.0858256 -0.0910216
-0.1004 -0.529782
-0.00691365 -0.382744
-0.00549017 -0.222034
0.0105683 0.382646
0.105474 0.528703
-0.0849104 0.0918624
-0.0024959 0.554712
-0.00377598 0.222057
0.00771918 -0.382719
0.101716 -0.529445
-0.0855808 -0.0912392
-0.00665022 -0.554673
0.206952 -0.012668
0.539502 -0.0142175
0.140784 0.0718949
0.442616 -0.0695652
0.328862 0.00962496
-0.20701 -0.0126084
-0.539494 -0.0140341
-0.140723 0.0719446
-0.442658 -0.069441
-0.328832 0.009718
-0.206926 0.0126512
0.328801 -0.00971248
0.44265 0.0694191
0.140748 -0.0719441
0.539492 0.014078
0.206997 0.0126234
-0.328834 -0.00965
-0.442616 0.0695123
-0.140795 -0.0719297
-0.53951 0.0141731
-0.206895 -0.0126729
-0.539527 -0.0141872
-0.14083 0.0718762
-0.442547 -0.0695174
-0.328866 0.00966344
0.206961 -0.0126164
0.539507 -0.0140106
0.140767 0.0719209
0.442597 -0.0693859
0.328843 0.00975712
0.207001 0.0126592
-0.328781 -0.0096736
-0.442721 0.069471
-0.140716 -0.0719748
-0.539474 0.0140784
-0.207059 0.0126294
0.328803 -0.00961568
0.442684 0.0695545
0.140769 -0.071949
0.53949 0.0141757

*RT # rest twists
0.00562108
0.00155568
-0.0194382
-0.013897
-0.00517419
-0.00542209
-0.00123298
0.0195452
0.0138119
0.00460506
-0.00563039
-0.00461502
-0.0138344
-0.019507
0.00126875
0.00544185
0.00518065
0.0138622
0.0194146
-0.00160593
-0.00565684
-0.00155223
0.0194175
0.013901
0.00517126
0.00537939
0.00116713
-0.0195691
-0.0136974
-0.00453534
0.0055597
0.00459143
0.0138255
0.0194914
-0.00125966
-0.00544856
-0.00520376
-0.0138355
-0.0193492
0.00165356
0.00842197
0.0104712
-0.00212092
0.00284387
0.00456069
-0.00838346
-0.010496
0.00210771
-0.00287037
-0.00453405
-0.00842908
0.00464389
0.00285954
-0.00215634
0.0103801
0.00847469
-0.00463133
-0.00290022
0.00214538
-0.0103899
-0.00843332
-0.0103585
0.00218596
-0.00284458
-0.00464573
0.00842438
0.0103683
-0.00217316
0.00284863
0.00462703
0.00840815
-0.00457303
-0.00286841
0.00210288
-0.0104899
-0.00842413
0.0045738
0.00288634
-0.00209489
0.0104819

*RefD1 # reference directors
0.0104035 0.999552 0.0280601
0.00316516 0.999986 0.00424381
-0.085491 0.996335 0.00270334
0.0219226 0.999755 -0.00291643
0.0276906 0.999333 -0.0238106
0.0180253 0.999649 -0.0193913
0.00479179 0.999964 0.00706724
-0.0854517 0.996305 0.00860084
0.0152332 0.999789 0.0137502
0.0182773 0.999369 0.0304716
0.0259098 0.99935 0.025063
0.0202614 0.999779 0.0056032
-0.0854789 0.99634 -0.000594026
0.00336294 0.99999 -0.00293142
0.0117328 0.999579 -0.0265509
0.0200805 0.999372 -0.0292109
0.016429 0.999795 -0.0118159
-0.0854705 0.99632 -0.0064558
0.00452117 0.999977 -0.0051362
0.0165992 0.999642 0.0209965
0.0104039 0.999552 -0.0280632
0.00317476 0.999986 -0.00420851
-0.0854931 0.996335 -0.00271885
0.021921 0.999755 0.00291294
0.0276614 0.999333 0.023829
0.0180239 0.999649 0.0193948
0.00479948 0.999964 -0.00706397
-0.0854559 0.996305 -0.00861638
0.0152338 0.999789 -0.0137466
0.0183113 0.999369 -0.0304491
0.0259205 0.99935 -0.0250537
0.02027 0.999779 -0.00559368
-0.0854746 0.99634 0.000607235
0.00336837 0.99999 0.00286998
0.0117318 0.999579 0.0265521
0.0200778 0.999372 0.029213
0.0164285 0.999795 0.011825
-0.0854593 0.99632 0.00650093
0.00450235 0.999977 0.00509988
0.0165891 0.999642 -0.0210033
0.00620842 0.616291 0.787494
-0.000540216 0.106583 0.994304
-0.00546227 -0.0707568 0.997479
0.00190554 -0.51397 0.857806
0.0043797 -0.772005 0.635601
-0.00584396 -0.616268 0.787515
0.000828328 -0.106562 0.994306
0.00587038 0.0707157 0.997479
-0.00152391 0.513973 0.857805
-0.00403418 0.771989 0.635624
-0.00413372 0.771979 0.635635
-0.00159107 0.513985 0.857798
0.00571888 0.0707491 0.997478
0.000904414 -0.106562 0.994306
-0.00600698 -0.61627 0.787512
0.00439201 -0.771998 0.635609
0.00181735 -0.513985 0.857797
-0.00552864 -0.0707766 0.997477
-0.00060424 0.106581 0.994304
0.00624364 0.616296 0.78749
-0.0060801 -0.616316 0.787475
0.000794505 -0.106587 0.994303
0.00505901 0.070821 0.997476
-0.00170394 0.513947 0.85782
-0.00469813 0.771988 0.63562
0.00571998 0.616286 0.787502
-0.00118559 0.106566 0.994305
-0.00541816 -0.0707775 0.997477
0.00132944 -0.51395 0.857819
0.00434018 -0.771977 0.635636
0.00448975 -0.772002 0.635604
0.00150529 -0.514037 0.857766
-0.00532125 -0.0707531 0.99748
-0.0011913 0.106536 0.994308
0.0056231 0.616242 0.787537
-0.00470136 0.772017 0.635585
-0.00174954 0.514039 0.857765
0.00507912 0.0707886 0.997478
0.000935802 -0.106556 0.994306
-0.00585307 -0.616264 0.787518

*RefT # reference twists
0.00426012
-0.0193982
0.00513963
0.0245355
-0.011539
-0.00424503
0.019281
-0.00526692
-0.0231211
0.0103308
-0.00421777
-0.0105537
0.0234877
0.00435783
-0.0187171
0.00444672
0.0104086
-0.0232494
-0.00546252
0.0194772
-0.00430256
0.0194383
-0.00519405
-0.024522
0.0115744
0.00421428
-0.0192847
0.00525189
0.0231409
-0.0102932
0.0042442
0.0105524
-0.0234871
-0.00442983
0.0187795
-0.00444477
-0.0104052
0.0232841
0.00537564
-0.0194458
0.00870237
-0.0177025
-0.00248708
0.0164856
0.000200212
-0.00869121
0.017616
0.00260738
-0.0165066
-0.000223764
-0.00883607
0.000254246
0.0164197
-0.00237983
-0.0178537
0.00886803
-0.000302476
-0.0164664
0.00248915
0.0178047
-0.0088785
0.017823
0.00182631
-0.0158744
-0.000718237
0.00888655
-0.0178404
-0.00179486
0.0158509
0.000718753
0.00879974
-0.000700007
-0.0159471
0.00169515
0.0177679
-0.00879065
0.000681859
0.0159571
-0.00170783
-0.0177539

