*pattern # px py radius num_vertedges
0.0150513 0.00793099 0.001 100

*Q # dofs: x y z t
-0.00775656 -0.00334208 -0.0011948 0.158865
-0.00669482 -0.00307194 -0.00109671 0.12827
-0.00534037 -0.00289753 -0.000762682 0.0774953
-0.00462627 -0.00233131 2.54491e-05 0.126999
-0.00455425 -0.00149819 0.000631059 0.0601476
-0.00484533 -0.000675407 0.000967106 -0.00293885
-0.00543634 5.60348e-06 0.00112337 -0.0248734
-0.00616254 0.000897666 0.00119634 -0.119869
-0.00651194 0.0019682 0.000806768 -0.107102
-0.00652291 0.00263784 3.35864e-05 0.125264
-0.00608709 0.00297259 -0.000670004 0.180295
-0.00532546 0.00311451 -0.00121172 -0.0541254
-0.0043541 0.00314232 -0.00131091 -0.172014
-0.00355065 0.00298606 -0.00118568 -0.140361
-0.00261207 0.00276426 -0.00101673 -0.0574311
-0.0018093 0.00264516 -0.000760368 0.050045
-0.00105924 0.00234959 -0.000217051 0.122782
-0.000817474 0.00177858 0.000383032 0.0353268
-0.000835779 0.000892166 0.000907009 -0.116646
-0.00146198 -0.000105079 0.00118184 -0.103917
-0.00215303 -0.000801873 0.00126159 -0.00325665
-0.00258888 -0.00158833 0.00115871 0.113234
-0.00280098 -0.00244413 0.000693838 -0.159903
-0.0025918 -0.00319371 -0.000363578 -0.23136
-0.00134493 -0.00341906 -0.00119314 0.109995
-0.000230904 -0.00334221 -0.00119469 0.161613
0.000830779 -0.00307193 -0.00109663 0.130814
0.00218522 -0.0028975 -0.000762626 0.0793743
0.00289934 -0.0023313 2.54922e-05 0.127353
0.00297138 -0.0014982 0.000631097 0.060458
0.00268031 -0.000675412 0.000967153 -0.00270627
0.0020893 5.60174e-06 0.00112342 -0.0254456
0.0013631 0.00089766 0.00119641 -0.119569
0.00101369 0.00196819 0.00080686 -0.106932
0.0010027 0.00263784 3.36825e-05 0.125591
0.0014385 0.0029726 -0.000669913 0.180636
0.00220011 0.00311452 -0.00121165 -0.054248
0.00317147 0.00314234 -0.00131085 -0.172028
0.00397492 0.00298609 -0.00118565 -0.140265
0.00491352 0.00276431 -0.00101673 -0.0573598
0.00571629 0.0026452 -0.000760394 0.0502812
0.00646637 0.00234966 -0.000217092 0.122431
0.00670816 0.00177864 0.000382991 0.0358149
0.00668987 0.000892236 0.000906973 -0.116883
0.00606368 -0.000105014 0.00118182 -0.103919
0.00537263 -0.000801806 0.00126159 -0.0037834
0.00493677 -0.00158826 0.00115871 0.113358
0.00472466 -0.00244406 0.000693851 -0.158674
0.00493381 -0.00319365 -0.000363564 -0.230991
0.00618066 -0.003419 -0.00119316 0.110157
-0.00775656 0.000623415 -0.0011948 0.158983
-0.00669483 0.000893554 -0.00109671 0.128374
-0.00534038 0.00106797 -0.000762682 0.0777106
-0.00462627 0.00163419 2.54462e-05 0.12749
-0.00455424 0.0024673 0.000631054 0.0604276
-0.00484533 0.00329009 0.000967101 -0.00275726
-0.00215302 0.00316362 0.00126159 -0.00328059
-0.00258888 0.00237716 0.00115871 0.11319
-0.00280098 0.00152137 0.000693831 -0.159244
-0.0025918 0.00077179 -0.000363586 -0.231249
-0.00134493 0.000546446 -0.00119315 0.110107
-0.000230905 0.000623292 -0.0011947 0.161492
0.000830779 0.000893566 -0.00109664 0.130708
0.00218522 0.00106799 -0.000762628 0.0791568
0.00289934 0.00163419 2.54892e-05 0.126865
0.00297138 0.0024673 0.000631094 0.0601787
0.00268031 0.00329008 0.000967151 -0.00289077
0.00537263 0.00316369 0.00126158 -0.00375925
0.00493677 0.00237723 0.00115871 0.113405
0.00472466 0.00152143 0.000693847 -0.159333
0.00493381 0.000771841 -0.000363566 -0.231101
0.00618066 0.000546492 -0.00119316 0.110046
-0.00543634 -0.0039599 0.00112336 -0.0252742
-0.00616254 -0.00306784 0.00119634 -0.119962
-0.00651194 -0.00199731 0.000806769 -0.106971
-0.00652291 -0.00132766 3.35901e-05 0.125636
-0.00608709 -0.000992906 -0.000669999 0.180621
-0.00532546 -0.000850985 -0.00121172 -0.0539301
-0.0043541 -0.00082318 -0.0013109 -0.171926
-0.00355065 -0.000979434 -0.00118567 -0.140366
-0.00261207 -0.00120124 -0.00101672 -0.0574501
-0.0018093 -0.00132034 -0.000760365 0.050592
-0.00105924 -0.00161591 -0.000217047 0.123045
-0.000817474 -0.00218692 0.000383038 0.0354974
-0.000835778 -0.00307333 0.000907016 -0.116821
-0.00146198 -0.00407058 0.00118185 -0.10394
0.0020893 -0.0039599 0.00112342 -0.0250432
0.0013631 -0.00306784 0.00119641 -0.119474
0.00101369 -0.0019973 0.000806864 -0.107066
0.0010027 -0.00132765 3.36859e-05 0.125215
0.0014385 -0.000992891 -0.000669909 0.180313
0.00220011 -0.00085097 -0.00121165 -0.0544462
0.00317147 -0.000823157 -0.00131085 -0.172111
0.00397492 -0.0009794 -0.00118564 -0.140261
0.00491352 -0.00120119 -0.00101673 -0.0573397
0.00571629 -0.00132029 -0.00076039 0.0497334
0.00646637 -0.00161584 -0.000217089 0.122168
0.00670816 -0.00218685 0.000382992 0.0356463
0.00668986 -0.00307326 0.000906972 -0.11671
0.00606368 -0.00407051 0.00118182 -0.103896

*E # edges [v0, v1, dx, dy]
49 0 1 0
0 1 0 0
1 2 0 0
2 3 0 0
3 4 0 0
4 5 0 0
5 6 0 0
6 7 0 0
7 8 0 0
8 9 0 0
9 10 0 0
10 11 0 0
11 12 0 0
12 13 0 0
13 14 0 0
14 15 0 0
15 16 0 0
16 17 0 0
17 18 0 0
18 19 0 0
19 20 0 0
20 21 0 0
21 22 0 0
22 23 0 0
23 24 0 0
24 25 0 0
25 26 0 0
26 27 0 0
27 28 0 0
28 29 0 0
29 30 0 0
30 31 0 0
31 32 0 0
32 33 0 0
33 34 0 0
34 35 0 0
35 36 0 0
36 37 0 0
37 38 0 0
38 39 0 0
39 40 0 0
40 41 0 0
41 42 0 0
42 43 0 0
43 44 0 0
44 45 0 0
45 46 0 0
46 47 0 0
47 48 0 0
48 49 0 0
71 50 1 0
50 51 0 0
51 52 0 0
52 53 0 0
53 54 0 0
54 55 0 0
85 56 0 -1
56 57 0 0
57 58 0 0
58 59 0 0
59 60 0 0
60 61 0 0
61 62 0 0
62 63 0 0
63 64 0 0
64 65 0 0
65 66 0 0
99 67 0 -1
67 68 0 0
68 69 0 0
69 70 0 0
70 71 0 0
55 72 0 1
72 73 0 0
73 74 0 0
74 75 0 0
75 76 0 0
76 77 0 0
77 78 0 0
78 79 0 0
79 80 0 0
80 81 0 0
81 82 0 0
82 83 0 0
83 84 0 0
84 85 0 0
66 86 0 1
86 87 0 0
87 88 0 0
88 89 0 0
89 90 0 0
90 91 0 0
91 92 0 0
92 93 0 0
93 94 0 0
94 95 0 0
95 96 0 0
96 97 0 0
97 98 0 0
98 99 0 0

*RL # rest lengths
0.0010969
0.00140194
0.00120218
0.0010295
0.000932733
0.000912661
0.00114948
0.00118849
0.00102003
0.000890411
0.000942691
0.000974189
0.000825724
0.000976402
0.000848676
0.00096965
0.000860552
0.00102701
0.00120595
0.000981905
0.000902627
0.000994026
0.00130966
0.00151047
0.00111361
0.00109688
0.00140193
0.00120217
0.00102949
0.000932732
0.00091266
0.00114948
0.00118849
0.00102003
0.00089041
0.000942689
0.000974187
0.000825723
0.000976402
0.000848677
0.000969651
0.000860554
0.00102701
0.00120595
0.000981905
0.000902627
0.000994024
0.00130966
0.00151048
0.00111363
0.0010969
0.00140194
0.00120218
0.0010295
0.000932733
0.000912661
0.000902627
0.000994026
0.00130966
0.00151047
0.00111361
0.00109688
0.00140193
0.00120217
0.00102949
0.000932732
0.00091266
0.000902627
0.000994024
0.00130966
0.00151048
0.00111363
0.00114948
0.00118849
0.00102003
0.000890411
0.000942691
0.000974189
0.000825724
0.000976402
0.000848676
0.00096965
0.000860552
0.00102701
0.00120595
0.000981905
0.00114948
0.00118849
0.00102003
0.00089041
0.000942689
0.000974187
0.000825723
0.000976402
0.000848677
0.000969651
0.000860554
0.00102701
0.00120595
0.000981905

*RK # rest kappas
0.565936 -0.245898
-0.16422 0.229845
0.599622 0.554082
0.102756 -0.153425
0.579372 -0.0369713
0.298112 0.102792
-0.213613 -0.0114923
0.1018 -0.309359
0.465253 -0.707803
-0.119152 -0.42378
-0.327986 -0.0118986
-0.589209 -0.0295554
-0.032612 -0.184024
0.0338879 -0.18175
-0.292257 -0.0448525
-0.235981 -0.149163
-0.173232 -0.276699
-0.188546 -0.219591
0.0652051 -0.656277
0.0780224 -0.183363
0.372521 0.327935
0.22111 -0.364875
0.48189 -0.32341
0.455601 0.797589
0.132512 0.65433
0.566823 -0.246467
-0.169418 0.225947
0.586593 0.567916
0.106308 -0.151005
0.580094 -0.0234855
0.295623 0.109677
-0.213306 -0.0164971
0.108953 -0.306941
0.481636 -0.696781
-0.109243 -0.426427
-0.327607 -0.0195407
-0.588351 -0.0432087
-0.0283038 -0.184715
0.0381247 -0.180893
-0.29113 -0.0516573
-0.232439 -0.15465
-0.166744 -0.280671
-0.183411 -0.223922
0.0804764 -0.654559
0.0822891 -0.181485
0.364785 0.336521
0.229564 -0.359633
0.489309 -0.312096
0.43696 0.808016
0.117142 0.657201
0.565936 -0.245898
-0.16422 0.229845
0.599622 0.554082
0.102756 -0.153425
0.579372 -0.0369713
0.298112 0.102792
0.372521 0.327935
0.22111 -0.364875
0.48189 -0.32341
0.455601 0.797589
0.132512 0.65433
0.566823 -0.246467
-0.169418 0.225947
0.586593 0.567916
0.106308 -0.151005
0.580094 -0.0234855
0.295623 0.109677
0.364785 0.336521
0.229564 -0.359633
0.489309 -0.312096
0.43696 0.808016
0.117142 0.657201
-0.213613 -0.0114923
0.1018 -0.309359
0.465253 -0.707803
-0.119152 -0.42378
-0.327986 -0.0118986
-0.589209 -0.0295554
-0.032612 -0.184024
0.0338879 -0.18175
-0.292257 -0.0448525
-0.235981 -0.149163
-0.173232 -0.276699
-0.188546 -0.219591
0.0652051 -0.656277
0.0780224 -0.183363
-0.213306 -0.0164971
0.108953 -0.306941
0.481636 -0.696781
-0.109243 -0.426427
-0.327607 -0.0195407
-0.588351 -0.0432087
-0.0283038 -0.184715
0.0381247 -0.180893
-0.29113 -0.0516573
-0.232439 -0.15465
-0.166744 -0.280671
-0.183411 -0.223922
0.0804764 -0.654559
0.0822891 -0.181485

*RT # rest twists
0.176951
-0.117448
0.146339
0.0223991
-0.0278467
0.024766
-0.0136478
-0.103207
0.188359
0.465458
0.218715
-0.00797801
-0.0736577
0.0425402
0.079235
-0.0163194
-0.13193
-0.0918297
-0.123834
-0.0161456
0.0169089
0.0193501
-0.201024
-0.386629
0.0770112
0.130728
-0.117497
0.146258
0.0223662
-0.0278765
0.0247501
-0.0136458
-0.103211
0.188361
0.465462
0.218737
-0.00793785
-0.0736325
0.0425547
0.0792383
-0.0163123
-0.131922
-0.0918291
-0.12384
-0.0161439
0.0169028
0.0193531
-0.201044
-0.386643
0.0770962
0.176951
-0.117448
0.146339
0.0223991
-0.0278467
0.024766
0.0169089
0.0193501
-0.201024
-0.386629
0.0770112
0.130728
-0.117497
0.146258
0.0223662
-0.0278765
0.0247501
0.0169028
0.0193531
-0.201044
-0.386643
0.0770962
-0.0136478
-0.103207
0.188359
0.465458
0.218715
-0.00797801
-0.0736577
0.0425402
0.079235
-0.0163194
-0.13193
-0.0918297
-0.123834
-0.0161456
-0.0136458
-0.103211
0.188361
0.465462
0.218737
-0.00793785
-0.0736325
0.0425547
0.0792383
-0.0163123
-0.131922
-0.0918291
-0.12384
-0.0161439

*RefD1 # reference directors
-0.252932 0.9639 0.0831988
-0.134211 0.990585 0.0269842
-0.628666 0.777598 0.0109628
-0.842844 0.3622 -0.398028
-0.787646 -0.0272613 -0.615525
-0.624648 -0.386386 -0.678616
-0.579355 -0.41421 -0.701982
-0.529436 -0.437332 -0.726937
-0.622155 -0.596139 -0.507485
-0.73982 -0.301255 -0.601591
-0.570671 -0.0627796 -0.818775
-0.104472 0.135094 -0.98531
0.171185 0.0942186 -0.980724
0.192458 0.0687896 -0.978891
0.30844 0.0326239 -0.950684
0.542257 -0.145181 -0.827575
0.594135 -0.44947 -0.667069
0.552919 -0.432437 -0.712235
0.512471 -0.511817 -0.689505
0.47401 -0.548903 -0.688491
0.671632 -0.282623 -0.684862
0.801892 0.119274 -0.585442
0.796056 0.556795 -0.23722
0.191287 0.981311 0.0209421
-0.0687584 0.995413 -0.0665168
-0.25134 0.96614 0.0583251
-0.128328 0.991729 0.0024808
-0.615943 0.787752 -0.00782971
-0.830096 0.373054 -0.414452
-0.774952 -0.016094 -0.631815
-0.614198 -0.373499 -0.695168
-0.567498 -0.403253 -0.717867
-0.510542 -0.436261 -0.740961
-0.603629 -0.606878 -0.51704
-0.728691 -0.321876 -0.604488
-0.566779 -0.0860574 -0.819363
-0.104137 0.112161 -0.988218
0.167142 0.0714935 -0.983337
0.187473 0.046095 -0.981188
0.305453 0.00952 -0.95216
0.534266 -0.167275 -0.8286
0.576691 -0.463101 -0.673027
0.53296 -0.438698 -0.723531
0.496536 -0.506133 -0.705182
0.461486 -0.538396 -0.705096
0.658619 -0.273307 -0.701088
0.788579 0.130918 -0.600836
0.781468 0.571442 -0.250523
0.178521 0.983935 0.00103903
-0.0687355 0.993568 -0.0899846
-0.252925 0.963912 0.0830796
-0.134188 0.990591 0.0268816
-0.628557 0.777688 0.0108012
-0.842583 0.362428 -0.398372
-0.787498 -0.02713 -0.61572
-0.624569 -0.386289 -0.678745
0.671646 -0.282632 -0.684844
0.801918 0.119253 -0.585411
0.795672 0.557193 -0.237576
0.191227 0.981324 0.0208526
-0.0687562 0.995406 -0.0666262
-0.251347 0.966131 0.0584467
-0.12835 0.991726 0.00258381
-0.616055 0.787666 -0.00766677
-0.830366 0.372831 -0.414113
-0.775106 -0.0162262 -0.631623
-0.614281 -0.3736 -0.69504
0.658606 -0.273296 -0.701104
0.788553 0.130941 -0.600865
0.781866 0.571054 -0.250167
0.17858 0.983925 0.0011294
-0.0687371 0.993578 -0.0898757
-0.579563 -0.414401 -0.701696
-0.529512 -0.437333 -0.726882
-0.622053 -0.596198 -0.507541
-0.739648 -0.301579 -0.60164
-0.570619 -0.0630984 -0.818787
-0.10447 0.134903 -0.985336
0.17117 0.0941343 -0.980734
0.192459 0.0687949 -0.978891
0.30844 0.0326426 -0.950683
0.542075 -0.145696 -0.827604
0.593938 -0.449629 -0.667136
0.552779 -0.432482 -0.712316
0.512593 -0.511857 -0.689384
0.474024 -0.548912 -0.688474
-0.567285 -0.403054 -0.718147
-0.510467 -0.436255 -0.741016
-0.603736 -0.606818 -0.516986
-0.728871 -0.321548 -0.604445
-0.566835 -0.085738 -0.819358
-0.104141 0.112359 -0.988195
0.167157 0.0715765 -0.983329
0.187473 0.0460919 -0.981188
0.30545 0.00950185 -0.952161
0.534455 -0.16676 -0.828582
0.576892 -0.462945 -0.672962
0.533102 -0.438653 -0.723454
0.496415 -0.506089 -0.705298
0.461473 -0.538384 -0.705113

*RefT # reference twists
0.181676
-0.0757647
0.247544
-0.00461805
0.000940557
0.0618946
-0.0241202
-0.0464425
0.165156
0.270733
0.160192
0.151764
-0.0185721
-0.0205304
-0.013643
-0.114326
-0.201441
-0.0440745
-0.0201713
-0.010149
-0.00259236
-0.0421201
-0.0375153
-0.38869
-0.165969
0.133112
-0.0759741
0.247903
-0.00321219
0.000914723
0.0619377
-0.0233342
-0.0473488
0.165267
0.270572
0.160196
0.152254
-0.0186796
-0.0206487
-0.0136408
-0.1145
-0.200847
-0.0449178
-0.0194639
-0.0103876
-0.00207859
-0.0427783
-0.038657
-0.387905
-0.16575
0.181447
-0.07575
0.247433
-0.00489337
0.00115054
0.0619925
-0.00259275
-0.0421005
-0.0382199
-0.388143
-0.16597
0.133344
-0.0759908
0.248014
-0.00294078
0.000706688
0.0618426
-0.0020782
-0.0427997
-0.0379506
-0.388455
-0.165749
-0.023539
-0.0467511
0.164931
0.270492
0.160238
0.151894
-0.0184656
-0.0204385
-0.0136297
-0.114892
-0.201156
-0.0439814
-0.0198261
-0.0103006
-0.0239211
-0.0470402
0.165495
0.270815
0.160143
0.152129
-0.0187943
-0.0207367
-0.0136559
-0.113932
-0.201132
-0.0450124
-0.0198051
-0.0102376

