*pattern # px py radius num_vertedges
0.0174261 0.0116613 0.001001 356

*Q # dofs: x y z t
-0.00637696 -0.00293898 -0.00243477 -0.53208
-0.0059946 -0.00216465 -0.00164014 -0.640776
-0.00631336 -0.00113487 -0.00117508 -0.6231
-0.00669061 -0.000331884 -0.00123625 -0.407104
-0.00719613 0.000291264 -0.00162302 -0.246012
-0.00786067 0.000738821 -0.00196166 -0.168621
-0.00860508 0.0011868 -0.00193495 -0.127977
-0.00925801 0.00159392 -0.00152765 -0.135344
-0.00964136 0.00195132 -0.000833225 0.0255021
-0.0096098 0.00236364 0.000144517 0.109769
-0.00911648 0.00266554 0.0010365 0.266632
-0.00848952 0.00292063 0.00187452 0.400328
-0.0077606 0.00313741 0.00263828 0.476671
-0.0070444 0.00321206 0.00300572 0.476171
-0.00624018 0.00317495 0.00307564 0.568372
-0.00549566 0.00306253 0.00284759 0.483831
-0.00490474 0.00292052 0.00234804 0.324984
-0.00456532 0.00249334 0.00163738 0.22401
-0.00455348 0.00185438 0.00100931 0.551548
-0.00495749 0.000946713 0.000366775 0.378651
-0.00501477 -0.000165815 -2.45507e-05 0.228039
-0.00460269 -0.00108795 -7.50391e-05 0.0540767
-0.00400059 -0.00178936 0.000333723 -0.10601
-0.00349378 -0.00212489 0.0010223 -0.107087
-0.00317177 -0.00225019 0.0018735 -0.163439
-0.00313358 -0.00248257 0.00291039 -0.27913
-0.00312445 -0.00261055 0.00396529 -0.370386
-0.00308778 -0.00230834 0.0048324 -0.319844
-0.00315919 -0.00164298 0.00546201 -0.234452
-0.00333935 -0.000978517 0.00571216 -0.227131
-0.00359496 -0.000292398 0.00573809 -0.292446
-0.0039524 0.000525355 0.00559104 -0.350052
-0.00431687 0.00132922 0.00539377 -0.342348
-0.00459219 0.00195055 0.00523138 -0.296424
-0.00484368 0.00257904 0.00505864 -0.334269
-0.00501952 0.00322782 0.0048572 -0.308287
-0.00500688 0.00387671 0.00459107 -0.18446
-0.0047072 0.00450456 0.00419179 -0.109782
-0.00415479 0.00497678 0.00385426 0.104943
-0.00314621 0.00523856 0.00369541 0.17602
-0.00209201 0.0052415 0.0037125 0.132298
-0.00108295 0.00522052 0.00375399 0.140259
-0.000102173 0.00501617 0.00388311 0.140234
0.000468193 0.00459048 0.00415534 0.0117639
0.000830693 0.00401867 0.00450339 -0.106034
0.000925047 0.00339351 0.00480556 -0.247375
0.000805239 0.00274073 0.00503221 -0.29502
0.000292411 0.00153247 0.00534694 -0.309344
-7.34935e-05 0.000740821 0.00553844 -0.332724
-0.000439131 -5.70111e-05 0.00570311 -0.302792
-0.000717023 -0.000709018 0.00575468 -0.258933
-0.000951866 -0.00136728 0.00562665 -0.28368
-0.00112424 -0.0021246 0.00510928 -0.382155
-0.0011263 -0.00259431 0.00430312 -0.288237
-0.00114112 -0.00257018 0.00320491 -0.0858255
-0.00116388 -0.00220213 0.0021695 0.153544
-0.000949945 -0.00198942 0.0013354 0.20655
-0.000517505 -0.00176492 0.000594481 0.301587
8.42302e-05 -0.00123421 5.1305e-05 0.29293
0.000685146 -0.000484487 -6.08076e-05 0.354802
0.00102165 0.000572095 0.000269995 0.405856
0.000758327 0.00151368 0.000891274 0.389923
0.000603462 0.00215022 0.00155075 0.352436
0.000842192 0.00267446 0.00228065 0.468894
0.00135231 0.00291838 0.00285746 0.53336
0.00207847 0.00311385 0.00314828 0.468668
0.00286866 0.00323547 0.0031447 0.370764
0.00361062 0.00327042 0.0028417 0.339432
0.00438772 0.00319184 0.00215594 0.207489
0.00506874 0.00306285 0.00138152 0.0401545
0.00568713 0.00287728 0.000518999 -0.0923938
0.0058812 0.0024904 -0.000466455 -0.164227
0.00565425 0.00204641 -0.00118021 -0.190261
0.00510343 0.00160703 -0.00169196 -0.236215
0.00438995 0.00118536 -0.00186597 -0.346954
0.00369173 0.000749581 -0.00166336 -0.491672
0.0031063 0.000294551 -0.00114766 -0.53739
0.00264914 -0.00039018 -0.000776402 -0.650299
0.00217949 -0.00144639 -0.000899433 -0.42837
0.00209025 -0.00237598 -0.00158984 -0.0929945
0.00257088 -0.00295329 -0.00229682 0.110894
0.00338871 -0.00319538 -0.00287958 0.428027
0.00424916 -0.00307453 -0.00310986 0.429368
0.00512088 -0.00285548 -0.00308199 0.434644
0.00632325 -0.00282729 -0.003075 0.443974
0.00752041 -0.00287801 -0.00317906 0.387266
0.0084189 -0.00299046 -0.00333644 0.365623
0.00929895 -0.00324798 -0.00340137 0.244578
0.0102865 -0.0033083 -0.00305176 0.0245944
-0.00915276 -0.00594431 -0.000583044 -0.291482
-0.00855632 -0.00530616 -5.0814e-05 -0.50937
-0.00793918 -0.00449001 -6.91366e-06 -0.626032
-0.00763714 -0.00347375 -0.000524759 -0.755067
-0.00797614 -0.00253135 -0.00115285 -0.488279
-0.00811417 -0.00190937 -0.00179359 -0.571249
-0.00785025 -0.00143654 -0.00251698 -0.776036
-0.00728639 -0.00118908 -0.00302303 -0.924911
-0.00657434 -0.000895541 -0.00322717 -0.913842
-0.0058266 -0.000609105 -0.00310227 -0.778209
-0.00514461 -0.000380669 -0.00272548 -0.606903
-0.00430548 -0.000116377 -0.00211659 -0.522183
-0.00351992 0.000116349 -0.00142822 -0.320349
-0.0030125 0.00021907 -0.000504502 -0.168348
-0.00301663 0.000122736 0.000549565 0.0579428
-0.00338462 -5.06814e-05 0.00130738 0.232987
-0.00403176 -0.000328235 0.00180008 0.326503
-0.00478382 -0.000716632 0.00196272 0.429966
-0.00551153 -0.00113356 0.00175603 0.571491
-0.00609425 -0.00166672 0.00131825 0.579734
-0.00652172 -0.00242166 0.00106708 0.635071
-0.00680768 -0.0035392 0.00134048 0.350275
-0.0066284 -0.00444788 0.00207782 0.0728676
-0.00598194 -0.00487907 0.00274201 -0.208713
-0.00508013 -0.00491365 0.00322701 -0.425338
-0.00422682 -0.00469969 0.00329974 -0.412012
-0.00336818 -0.00451443 0.0032106 -0.42002
-0.00215993 -0.00449106 0.0031505 -0.444465
-0.000951724 -0.0045516 0.00317255 -0.423753
-6.01376e-05 -0.00471401 0.00323763 -0.333717
0.000819995 -0.00490773 0.00312458 0.0150152
0.00168828 -0.00483917 0.00258244 0.319154
0.00228652 -0.00438612 0.00188654 0.587466
0.00239756 -0.00347069 0.00120969 0.745729
0.00216722 -0.00236294 0.00103372 0.608061
0.00179092 -0.00160454 0.0013352 0.57587
0.00124098 -0.00106869 0.00180235 0.492308
0.000565156 -0.000622898 0.00199217 0.401978
-0.0001304 -0.000192703 0.00184686 0.370998
-0.000739293 0.000167417 0.00135965 0.34476
-0.0010642 0.000443487 0.000614334 0.270518
-0.00104701 0.00059873 -0.000440279 0.167606
-0.000533264 0.000483176 -0.00136801 0.000171895
0.000254825 0.000188229 -0.0019557 -0.0751494
0.00111039 -0.000158942 -0.00240413 -0.198336
0.00179127 -0.000439151 -0.00268932 -0.290469
0.00250943 -0.000734418 -0.0028343 -0.513513
0.0032366 -0.00103255 -0.00268797 -0.487879
0.00382586 -0.00129476 -0.00221565 -0.367541
0.00413808 -0.00178369 -0.00150509 -0.142622
0.00403523 -0.0024589 -0.000892093 -0.340076
0.00368013 -0.00338417 -0.000304668 -0.277345
0.00392658 -0.0043862 0.000204097 -0.380463
0.00449932 -0.00516468 0.000192274 -0.374591
0.00503606 -0.00581887 -0.000274677 -0.241547
0.00541654 -0.00617558 -0.000992276 -0.164756
0.00564368 -0.00635754 -0.0018305 -0.0076587
0.00563966 -0.00664591 -0.00289977 0.141794
0.00558228 -0.00676059 -0.00400016 0.331428
0.00558026 -0.00639963 -0.00487215 0.358775
0.00546275 -0.0056836 -0.00547604 0.294149
0.00525859 -0.00503379 -0.00567277 0.287029
0.00500287 -0.00437256 -0.00566465 0.336726
0.00465631 -0.0035667 -0.00549309 0.378803
0.00430887 -0.00277111 -0.00527794 0.361341
0.0038068 -0.001555 -0.00492877 0.362822
0.00365055 -0.00090419 -0.00472038 0.307465
0.00368556 -0.000254592 -0.00445984 0.126921
0.00400121 0.000359287 -0.00409483 0.0763176
0.00455867 0.000822069 -0.0038015 -0.108606
0.00554735 0.00108227 -0.00366849 -0.076089
0.00657755 0.00107693 -0.00368068 -0.122228
0.00762057 0.00105552 -0.00371411 -0.0937589
0.00863036 0.000844402 -0.00388489 -0.00894488
0.00920252 0.000418556 -0.0042154 0.0990237
0.00953469 -0.000159855 -0.0046299 0.216222
0.00958877 -0.000788927 -0.00493338 0.308184
0.00944277 -0.00144112 -0.00514402 0.312044
0.0091978 -0.00207068 -0.00531073 0.289036
0.00892132 -0.00269088 -0.00546243 0.353726
0.00854921 -0.00349491 -0.00564832 0.311313
0.0081786 -0.00430657 -0.00580115 0.237324
0.00789036 -0.00498861 -0.00583144 0.221315
0.00765757 -0.00566949 -0.00565517 0.301707
0.00752461 -0.00638857 -0.00511715 0.417658
0.00756259 -0.00681497 -0.00431644 0.363536
0.0076123 -0.00677672 -0.0032556 0.239012
0.00763865 -0.00647306 -0.00223758 0.0739044
0.00786087 -0.0062504 -0.00135965 -0.0721976
0.00796348 -0.000499859 -0.00119724 -0.0885679
0.00771933 -0.000665754 -0.00204966 -0.212335
0.00767754 -0.000906345 -0.00307895 -0.346789
0.00764084 -0.000983789 -0.00413294 -0.443256
0.00758334 -0.000619669 -0.004969 -0.393287
0.00767138 7.20052e-05 -0.00555999 -0.416109
0.00787557 0.000737536 -0.00577832 -0.468166
0.0081411 0.00141708 -0.00578628 -0.519605
0.00849666 0.00223465 -0.0056516 -0.549944
0.00885625 0.00304264 -0.00547635 -0.476293
0.00912743 0.00367244 -0.00532955 -0.510691
0.00425525 0.00312377 -0.00532422 -0.338807
0.00460736 0.00232497 -0.00552653 -0.343138
0.00495896 0.00151782 -0.00569367 -0.320171
0.00522538 0.000861463 -0.00572778 -0.298789
0.00545273 0.000209214 -0.00556779 -0.343423
0.00562513 -0.000523006 -0.00501353 -0.423704
0.00564566 -0.000940207 -0.00417806 -0.363224
0.00568679 -0.000871686 -0.00308424 -0.149832
0.00572119 -0.000575164 -0.00202832 0.0700624
0.00556948 -0.000353144 -0.00117996 0.0760299
0.00525793 -9.69626e-06 -0.000420518 0.277254
0.0047604 0.000639919 0.000119657 0.386022
0.00418276 0.00142452 0.000218606 0.480442
0.00379344 0.00240079 -0.000288449 0.495675
0.00401642 0.00335364 -0.000927367 0.462042
0.00409583 0.00401991 -0.00159005 0.436328
0.00376142 0.00449383 -0.002334 0.610985
0.00314227 0.00473661 -0.00279782 0.737079
0.0023927 0.00500946 -0.00293633 0.650589
0.00167116 0.00524978 -0.00277648 0.508244
0.000995964 0.00546168 -0.00245167 0.457227
0.000130996 0.00572992 -0.00194654 0.332871
-0.000670892 0.00596209 -0.00133141 0.169813
-0.00116981 0.00604 -0.000378767 -0.0243092
-0.00113589 0.00590447 0.000689752 -0.24656
-0.000735846 0.00571263 0.00143062 -0.345314
-6.69852e-05 0.00542193 0.00189275 -0.425237
0.000671538 0.00504663 0.00201844 -0.521067
0.00138114 0.00466044 0.0017925 -0.604852
0.00196373 0.00412336 0.00132393 -0.568855
0.00238424 0.00334517 0.00106829 -0.605483
0.00266422 0.00224264 0.00134613 -0.430813
0.00250383 0.00134625 0.00208161 -0.110725
0.00184842 0.000913731 0.0027669 0.151669
0.000932641 0.000885632 0.00326846 0.448198
7.17452e-05 0.00113611 0.00332637 0.500975
-0.000798861 0.00127115 0.00314868 0.514587
-0.00199251 0.00132512 0.00302235 0.488109
-0.00319344 0.00130223 0.00305358 0.460717
-0.00408251 0.00118798 0.00313341 0.433711
-0.00495628 0.000992641 0.00304352 0.211144
-0.0058543 0.00106375 0.00249169 -0.121914
-0.00646591 0.00153112 0.00177202 -0.477664
-0.00655937 0.00252378 0.00112215 -0.587628
-0.00631809 0.00368601 0.00101259 -0.416967
-0.00590324 0.00441046 0.00137254 -0.328966
-0.00529442 0.00490336 0.00183431 -0.218996
-0.00455186 0.00533478 0.00194968 -0.198737
-0.00383989 0.00576999 0.00171871 -0.273239
-0.00329465 0.00609344 0.00114506 -0.233113
-0.00307374 0.00635923 0.000362594 -0.13902
-0.0031856 0.00646015 -0.000681809 0.135135
-0.00374434 0.00627168 -0.00155671 0.404781
-0.0045137 0.00593343 -0.00223077 0.588328
-0.0053344 0.0055635 -0.00282321 0.682606
-0.0060097 0.00527077 -0.00315777 0.808973
-0.00675176 0.00495554 -0.00319794 0.821455
-0.00744275 0.00468414 -0.00292851 0.654739
-0.00793953 0.00444421 -0.00236268 0.444992
-0.00814793 0.00394936 -0.00160007 0.467376
-0.0079642 0.00325139 -0.00101032 0.4176
-0.0075932 0.00226183 -0.000489562 0.30699
-0.00783948 0.00124776 5.5349e-05 0.216761
-0.00844919 0.000453871 3.1024e-05 0.193315
-0.00903883 -0.000187037 -0.000464804 0.0882168
0.00936995 -0.00735148 -0.00516686 -0.432422
0.00952454 -0.0066944 -0.00495648 -0.301738
0.00947967 -0.00605391 -0.00466128 -0.146148
0.00914913 -0.0054524 -0.00424003 -0.00218587
0.00855906 -0.0050153 -0.00390952 0.074825
0.00753849 -0.00478449 -0.00374814 0.124294
0.00648238 -0.00475058 -0.00367711 0.0602389
0.00544643 -0.00473092 -0.00362759 0.0371074
0.00445339 -0.00498733 -0.00378359 -0.09196
0.00391766 -0.00544203 -0.00411109 -0.183186
0.0036196 -0.00603914 -0.00450458 -0.243217
0.00359516 -0.00668779 -0.00478975 -0.323739
0.00376003 -0.00734446 -0.00500095 -0.277322
-0.00919156 0.00287349 -0.00315694 0.186974
-0.00818784 0.00262431 -0.00322482 0.215616
-0.00719643 0.00258286 -0.00292776 -0.259536
-0.00629817 0.0030744 -0.0022489 -0.405832
-0.00605194 0.00400588 -0.00148851 -0.646403
-0.00635724 0.00492714 -0.001148 -0.696329
-0.00491684 0.00848424 0.00216753 0.342035
-0.00473155 0.00792949 0.00142126 0.566425
-0.0050291 0.00710932 0.000625505 0.443773
-0.00512935 0.00606972 7.86244e-05 0.34526
-0.0047146 0.00517083 -0.000110417 0.244073
-0.00405837 0.00444451 0.000127685 0.142876
-0.00348484 0.00402729 0.000717964 0.0677043
-0.00307268 0.00383379 0.00152137 0.000895969
-0.00296236 0.00351401 0.00253071 -0.205116
-0.00301909 0.00320831 0.00354865 -0.347415
-0.00303494 0.00330065 0.00446315 -0.342486
-0.00100562 0.0040621 0.00551011 -0.411023
-0.00108482 0.00340121 0.00485043 -0.340224
-0.00102718 0.00315691 0.00378155 -0.215526
-0.000989878 0.00337376 0.00270544 0.0353263
-0.000933789 0.00354499 0.00183414 0.0330481
-0.000623143 0.00367 0.00100978 0.0717919
-6.4499e-05 0.00408178 0.000305965 0.110953
0.000511585 0.00480491 -4.01339e-05 0.313525
0.000890891 0.00589375 9.43586e-05 0.387029
0.000692189 0.00693863 0.000563929 0.414542
0.000388672 0.00761627 0.00108599 0.196168
0.00360536 0.00653944 -0.00168603 -0.405784
0.00301848 0.00607105 -0.00122598 -0.534374
0.00248454 0.00515954 -0.000842052 -0.628823
0.00208538 0.00413638 -0.00107815 -0.391941
0.00210299 0.00332372 -0.00170968 -0.222956
0.00261713 0.0027653 -0.00240374 0.19674
0.00335919 0.00257115 -0.00293429 0.427569
0.00423838 0.00272207 -0.00320887 0.567578
0.00542124 0.003002 -0.00316092 0.657665
0.00663644 0.00299157 -0.00309104 0.668785
0.00743813 0.0029459 -0.0030877 0.70298
-0.00682254 -0.00583141 -0.00131584 -0.620933
-0.00733612 -0.00533046 -0.00175089 -0.440167
-0.00800511 -0.00491917 -0.00204448 -0.349759
-0.00875313 -0.00447924 -0.00196434 -0.232456
-0.00939617 -0.00407911 -0.00153426 -0.0836082
-0.00974974 -0.00358019 -0.00060956 0.0751613
-0.00954494 -0.00318636 0.000407072 0.349048
-0.00903248 -0.00292477 0.00134669 0.535443
-0.00843115 -0.00270431 0.00224316 0.610534
-0.00782705 -0.00259009 0.00282491 0.585801
-0.00704939 -0.00257302 0.0031534 0.611208
-0.0062317 -0.00267267 0.00314643 0.505851
-0.00548206 -0.00285855 0.00285857 0.414966
-0.00305501 -0.00784023 0.00522075 -0.261457
-0.00321458 -0.00723728 0.00561013 -0.241463
-0.00345424 -0.00656152 0.00577349 -0.292452
-0.00380505 -0.00572807 0.0057078 -0.330033
-0.00416974 -0.00491403 0.0055452 -0.293245
-0.00445209 -0.00428694 0.00540036 -0.229973
-0.00472447 -0.00365797 0.005245 -0.275479
-0.00496081 -0.00302519 0.00506932 -0.260532
-0.00509675 -0.0023818 0.00483574 -0.121971
-0.00499852 -0.00168345 0.00445725 -0.0636161
-0.00462341 -0.00111383 0.004041 0.122528
-0.00372231 -0.000645369 0.00373214 0.166931
-0.0026651 -0.000551471 0.00370867 0.107294
-0.00162839 -0.000568268 0.00371437 0.0119325
-0.000596594 -0.000668977 0.00373295 -0.122172
9.71323e-05 -0.000955422 0.00389744 -0.254088
0.000601868 -0.00142176 0.00423929 -0.340608
0.000837983 -0.00196931 0.00461099 -0.403395
0.000857423 -0.0026085 0.00490341 -0.430738
0.000464404 -0.00384346 0.00527943 -0.391754
0.000129564 -0.00464543 0.00549491 -0.428267
-0.0002187 -0.00544686 0.00569038 -0.388617
-0.000492383 -0.00609165 0.00580559 -0.356643
-0.000750653 -0.00675263 0.00582097 -0.346165
0.000408353 -0.00341268 0.00173763 0.214592
0.000704252 -0.00302248 0.00234771 0.347141
0.00126288 -0.00284115 0.00286331 0.365311
0.00199686 -0.00270662 0.00310576 0.358887
0.00277833 -0.00264739 0.00306975 0.300299
0.00368395 -0.00269445 0.00262189 0.29761
0.00443939 -0.00281846 0.00196068 0.214352
0.00513922 -0.00298061 0.00122495 0.149216
0.00566202 -0.00323973 0.000378283 0.113184
0.00575469 -0.00356315 -0.000378289 0.0951125
0.00553847 -0.00391903 -0.00109264 0.0399669
0.00501803 -0.00425706 -0.0016214 -0.0873924
0.00433577 -0.00465296 -0.00183032 -0.230952

*E # edges [v0, v1, dx, dy]
88 0 1 0
0 1 0 0
1 2 0 0
2 3 0 0
3 4 0 0
4 5 0 0
5 6 0 0
6 7 0 0
7 8 0 0
8 9 0 0
9 10 0 0
10 11 0 0
11 12 0 0
12 13 0 0
13 14 0 0
14 15 0 0
15 16 0 0
16 17 0 0
17 18 0 0
18 19 0 0
19 20 0 0
20 21 0 0
21 22 0 0
22 23 0 0
23 24 0 0
24 25 0 0
25 26 0 0
26 27 0 0
27 28 0 0
28 29 0 0
29 30 0 0
30 31 0 0
31 32 0 0
32 33 0 0
33 34 0 0
34 35 0 0
35 36 0 0
36 37 0 0
37 38 0 0
38 39 0 0
39 40 0 0
40 41 0 0
41 42 0 0
42 43 0 0
43 44 0 0
44 45 0 0
45 46 0 0
46 47 0 0
47 48 0 0
48 49 0 0
49 50 0 0
50 51 0 0
51 52 0 0
52 53 0 0
53 54 0 0
54 55 0 0
55 56 0 0
56 57 0 0
57 58 0 0
58 59 0 0
59 60 0 0
60 61 0 0
61 62 0 0
62 63 0 0
63 64 0 0
64 65 0 0
65 66 0 0
66 67 0 0
67 68 0 0
68 69 0 0
69 70 0 0
70 71 0 0
71 72 0 0
72 73 0 0
73 74 0 0
74 75 0 0
75 76 0 0
76 77 0 0
77 78 0 0
78 79 0 0
79 80 0 0
80 81 0 0
81 82 0 0
82 83 0 0
83 84 0 0
84 85 0 0
85 86 0 0
86 87 0 0
87 88 0 0
177 89 1 0
89 90 0 0
90 91 0 0
91 92 0 0
92 93 0 0
93 94 0 0
94 95 0 0
95 96 0 0
96 97 0 0
97 98 0 0
98 99 0 0
99 100 0 0
100 101 0 0
101 102 0 0
102 103 0 0
103 104 0 0
104 105 0 0
105 106 0 0
106 107 0 0
107 108 0 0
108 109 0 0
109 110 0 0
110 111 0 0
111 112 0 0
112 113 0 0
113 114 0 0
114 115 0 0
115 116 0 0
116 117 0 0
117 118 0 0
118 119 0 0
119 120 0 0
120 121 0 0
121 122 0 0
122 123 0 0
123 124 0 0
124 125 0 0
125 126 0 0
126 127 0 0
127 128 0 0
128 129 0 0
129 130 0 0
130 131 0 0
131 132 0 0
132 133 0 0
133 134 0 0
134 135 0 0
135 136 0 0
136 137 0 0
137 138 0 0
138 139 0 0
139 140 0 0
140 141 0 0
141 142 0 0
142 143 0 0
143 144 0 0
144 145 0 0
145 146 0 0
146 147 0 0
147 148 0 0
148 149 0 0
149 150 0 0
150 151 0 0
151 152 0 0
152 153 0 0
153 154 0 0
154 155 0 0
155 156 0 0
156 157 0 0
157 158 0 0
158 159 0 0
159 160 0 0
160 161 0 0
161 162 0 0
162 163 0 0
163 164 0 0
164 165 0 0
165 166 0 0
166 167 0 0
167 168 0 0
168 169 0 0
169 170 0 0
170 171 0 0
171 172 0 0
172 173 0 0
173 174 0 0
174 175 0 0
175 176 0 0
176 177 0 0
253 178 -1 0
178 179 0 0
179 180 0 0
180 181 0 0
181 182 0 0
182 183 0 0
183 184 0 0
184 185 0 0
185 186 0 0
186 187 0 0
187 188 0 0
266 189 0 -1
189 190 0 0
190 191 0 0
191 192 0 0
192 193 0 0
193 194 0 0
194 195 0 0
195 196 0 0
196 197 0 0
197 198 0 0
198 199 0 0
199 200 0 0
200 201 0 0
201 202 0 0
202 203 0 0
203 204 0 0
204 205 0 0
205 206 0 0
206 207 0 0
207 208 0 0
208 209 0 0
209 210 0 0
210 211 0 0
211 212 0 0
212 213 0 0
213 214 0 0
214 215 0 0
215 216 0 0
216 217 0 0
217 218 0 0
218 219 0 0
219 220 0 0
220 221 0 0
221 222 0 0
222 223 0 0
223 224 0 0
224 225 0 0
225 226 0 0
226 227 0 0
227 228 0 0
228 229 0 0
229 230 0 0
230 231 0 0
231 232 0 0
232 233 0 0
233 234 0 0
234 235 0 0
235 236 0 0
236 237 0 0
237 238 0 0
238 239 0 0
239 240 0 0
240 241 0 0
241 242 0 0
242 243 0 0
243 244 0 0
244 245 0 0
245 246 0 0
246 247 0 0
247 248 0 0
248 249 0 0
249 250 0 0
250 251 0 0
251 252 0 0
252 253 0 0
188 254 0 1
254 255 0 0
255 256 0 0
256 257 0 0
257 258 0 0
258 259 0 0
259 260 0 0
260 261 0 0
261 262 0 0
262 263 0 0
263 264 0 0
264 265 0 0
265 266 0 0
305 267 1 0
267 268 0 0
268 269 0 0
269 270 0 0
270 271 0 0
271 272 0 0
318 273 0 -1
273 274 0 0
274 275 0 0
275 276 0 0
276 277 0 0
277 278 0 0
278 279 0 0
279 280 0 0
280 281 0 0
281 282 0 0
282 283 0 0
342 284 0 -1
284 285 0 0
285 286 0 0
286 287 0 0
287 288 0 0
288 289 0 0
289 290 0 0
290 291 0 0
291 292 0 0
292 293 0 0
293 294 0 0
355 295 0 -1
295 296 0 0
296 297 0 0
297 298 0 0
298 299 0 0
299 300 0 0
300 301 0 0
301 302 0 0
302 303 0 0
303 304 0 0
304 305 0 0
272 306 0 1
306 307 0 0
307 308 0 0
308 309 0 0
309 310 0 0
310 311 0 0
311 312 0 0
312 313 0 0
313 314 0 0
314 315 0 0
315 316 0 0
316 317 0 0
317 318 0 0
283 319 0 1
319 320 0 0
320 321 0 0
321 322 0 0
322 323 0 0
323 324 0 0
324 325 0 0
325 326 0 0
326 327 0 0
327 328 0 0
328 329 0 0
329 330 0 0
330 331 0 0
331 332 0 0
332 333 0 0
333 334 0 0
334 335 0 0
335 336 0 0
336 337 0 0
337 338 0 0
338 339 0 0
339 340 0 0
340 341 0 0
341 342 0 0
294 343 0 1
343 344 0 0
344 345 0 0
345 346 0 0
346 347 0 0
347 348 0 0
348 349 0 0
349 350 0 0
350 351 0 0
351 352 0 0
352 353 0 0
353 354 0 0
354 355 0 0

*RL # rest lengths
0.00117287
0.00117342
0.000888722
0.000890241
0.000869302
0.000868688
0.000870098
0.000869472
0.00106094
0.00106239
0.00107653
0.0010771
0.000807916
0.000807609
0.000786223
0.000786237
0.000895437
0.000895588
0.00118255
0.00118018
0.00101069
0.00101016
0.000917941
0.000918108
0.00106266
0.00106204
0.000918468
0.000918308
0.000732071
0.000732227
0.000903957
0.00090387
0.000698327
0.000698218
0.000701312
0.000701059
0.000801687
0.000800826
0.0010535
0.00105371
0.00100954
0.00100956
0.000761532
0.000760791
0.000700305
0.000700876
0.00134893
0.000892326
0.000892368
0.000710181
0.000710092
0.00093269
0.000932432
0.00109795
0.00109843
0.000886457
0.000886232
0.000968346
0.000966783
0.00115655
0.0011577
0.000928999
0.00092925
0.00080725
0.000805753
0.000798989
0.000801706
0.00103872
0.00103862
0.0010767
0.0010757
0.000870128
0.000870294
0.000846328
0.000847113
0.000902609
0.000902626
0.00116177
0.00116074
0.00103094
0.00103239
0.000898383
0.000898689
0.00120197
0.00120199
0.00091851
0.000918687
0.00104878
0.00104748
0.00102233
0.00102363
0.00117929
0.00118154
0.000903135
0.000903144
0.000796617
0.000796304
0.000809935
0.000811447
0.00106925
0.00106943
0.0010583
0.00105785
0.000859586
0.000858908
0.000861354
0.000863262
0.000902465
0.000902609
0.00118483
0.0011832
0.00102158
0.00102393
0.000882175
0.000882334
0.00120918
0.00120913
0.000908005
0.000907697
0.00102531
0.00102276
0.00114326
0.00114441
0.000898151
0.000898222
0.000831079
0.000830133
0.000858442
0.000858118
0.00106547
0.00106613
0.00102573
0.0010258
0.000789082
0.00078941
0.000798924
0.000798975
0.000916799
0.000917267
0.00115142
0.00114986
0.000966003
0.000965919
0.000886589
0.000886766
0.00110681
0.00110719
0.000943177
0.000943497
0.000708556
0.000708587
0.000893296
0.000893861
0.00136039
0.000700574
0.000700364
0.000780388
0.000781187
0.00103042
0.00102968
0.00104317
0.0010451
0.000785637
0.000784861
0.000700139
0.000700331
0.000695398
0.000695365
0.000904713
0.000904724
0.000740626
0.000740438
0.000907366
0.000907441
0.00106213
0.00106207
0.00093208
0.000930584
0.000901571
0.00105725
0.00105687
0.000913183
0.000913535
0.000729176
0.000729204
0.000901122
0.000901058
0.000700832
0.000700678
0.000895583
0.000895614
0.000708782
0.000708633
0.000933891
0.00093353
0.00109613
0.00109669
0.000889458
0.000889333
0.000979951
0.000978796
0.00116634
0.00116812
0.000942617
0.000942876
0.00081043
0.000809166
0.000776691
0.000778184
0.00103635
0.00103637
0.00107764
0.001077
0.000863059
0.000862911
0.000837378
0.000838409
0.000920002
0.00092018
0.0011703
0.00116998
0.00104163
0.00104396
0.000897978
0.000898257
0.00120084
0.00120088
0.000899417
0.000899344
0.00105586
0.00105315
0.00118958
0.00119152
0.000908657
0.000908844
0.000866078
0.000865367
0.000854524
0.000854935
0.00105466
0.00105451
0.00107675
0.00107706
0.000808043
0.000806805
0.000789315
0.00078987
0.000932215
0.000931574
0.00117751
0.00117665
0.00100077
0.0010016
0.000901673
0.000706631
0.00070628
0.000804839
0.000804815
0.00105813
0.00105842
0.00103671
0.0010369
0.000774816
0.000774302
0.000708601
0.000708823
0.00133082
0.00103569
0.00103513
0.00122774
0.00122662
0.00102788
0.00102881
0.000947592
0.00118018
0.00117832
0.00100731
0.00100693
0.00092229
0.000922988
0.00106401
0.00106383
0.000918872
0.00091892
0.000936698
0.00109748
0.00109776
0.000889239
0.000889284
0.000987941
0.000986677
0.00116023
0.00116205
0.000907164
0.000907781
0.000880057
0.00112339
0.00112267
0.00102871
0.00102788
0.000932049
0.000932782
0.00121567
0.0012164
0.000802437
0.000802095
0.000838506
0.000837901
0.000870967
0.000870436
0.00110801
0.00110866
0.0011011
0.00110106
0.000845895
0.000843862
0.000823279
0.000823714
0.000947408
0.000734925
0.000735017
0.000906194
0.000906235
0.000702457
0.000702445
0.000697594
0.000697499
0.000799988
0.00079864
0.00106109
0.00106109
0.00103632
0.00103633
0.000767976
0.000767143
0.000702315
0.000702825
0.00134876
0.000894926
0.000894967
0.000709526
0.000709463
0.000936764
0.000781855
0.000781093
0.000784105
0.000784039
0.00101079
0.00101092
0.00102762
0.00102762
0.000827489
0.000826352
0.000814789
0.000815513
0.000879361

*RK # rest kappas
0.126469 -0.438496
0.0712546 -0.539183
-0.00520762 -0.412261
0.0149994 -0.234748
0.0972892 -0.0465803
0.206513 0.119256
0.192959 0.208299
0.165297 0.301019
0.176709 0.417581
0.160694 0.415165
0.112198 0.279996
0.0821128 0.208529
0.0635097 0.175357
0.0588096 0.177273
0.0683804 0.231214
0.155354 0.326233
0.210933 0.279221
0.171424 0.142217
0.123303 -0.0401185
0.0899692 -0.367075
0.173537 -0.40111
0.231686 -0.326394
0.221372 -0.244611
0.170446 -0.160756
0.168946 -0.121137
0.165986 -0.169276
0.180133 -0.235574
0.215884 -0.233992
0.141478 -0.161108
0.0848531 -0.114526
0.0617267 -0.108474
0.0362834 -0.105103
0.0110056 -0.0928073
-0.0029991 -0.0923348
-0.0155862 -0.115301
-0.0294431 -0.15176
-0.0731864 -0.208881
-0.204228 -0.231185
-0.278206 -0.223197
-0.302724 -0.131292
-0.243344 -0.102503
-0.225439 -0.0933633
-0.220219 -0.0927419
-0.205701 -0.147773
-0.181942 -0.204327
-0.0877905 -0.211818
-0.02467 -0.265053
0.00778583 -0.18075
0.0256496 -0.114231
0.0442625 -0.0924811
0.0588546 -0.0831846
0.0976482 -0.104864
0.171418 -0.145843
0.21998 -0.204093
0.194812 -0.193877
0.166632 -0.137258
0.168108 -0.114914
0.196212 -0.178048
0.25425 -0.269046
0.266077 -0.341258
0.169235 -0.383215
0.0898048 -0.263398
0.104091 -0.0640458
0.144888 0.0918872
0.187905 0.213635
0.183945 0.308786
0.0768952 0.247759
0.0588388 0.207539
0.06052 0.204985
0.0722506 0.237312
0.100546 0.334066
0.11744 0.395606
0.121509 0.380403
0.13344 0.329271
0.151013 0.251328
0.163133 0.137861
0.110511 -0.0344041
0.0525946 -0.259524
0.0251059 -0.472475
0.0742992 -0.479704
0.0916672 -0.393472
0.0760658 -0.248439
0.0629996 -0.113814
0.0848766 -0.024143
0.073091 -0.0022004
0.0551047 -0.00519429
0.0561675 -0.0121444
0.0693369 -0.106881
0.101216 -0.268768
0.244441 -0.276829
0.332621 -0.282506
0.395594 -0.215378
0.347827 -0.0868898
0.188029 -0.0444939
0.0130225 -0.0786678
-0.123434 -0.134413
-0.218723 -0.165631
-0.294102 -0.127255
-0.292282 -0.0473545
-0.271533 -0.0271033
-0.245239 -0.0325741
-0.238537 -0.0400806
-0.285203 -0.0549688
-0.350936 -0.0724818
-0.379751 -0.0923827
-0.355086 -0.120603
-0.234622 -0.13721
-0.118108 -0.181894
0.0168045 -0.141704
0.198622 -0.0709458
0.415909 -0.00830172
0.493384 -0.0649611
0.376467 -0.0830485
0.207025 -0.0669423
0.0904071 -0.0687016
0.0361402 -0.0768866
0.0352618 -0.0807623
0.0403235 -0.0931421
0.0872912 -0.0831461
0.209623 -0.0768396
0.389831 -0.093393
0.499211 -0.0737689
0.414213 0.00602917
0.236618 -0.0362653
0.0644297 -0.100166
-0.0663336 -0.178451
-0.157867 -0.158403
-0.281065 -0.154826
-0.356551 -0.149424
-0.393101 -0.148727
-0.349956 -0.12989
-0.267391 -0.0966215
-0.224175 -0.0759309
-0.196283 -0.0599829
-0.188633 -0.0522557
-0.253044 -0.103137
-0.244696 -0.191293
-0.160292 -0.204089
-0.0377561 -0.13957
0.109625 -0.098476
0.32262 -0.0695907
0.3633 -0.152428
0.315485 -0.207954
0.2499 -0.210413
0.174498 -0.176943
0.135723 -0.190385
0.181184 -0.176055
0.22704 -0.161232
0.185793 -0.231191
0.128361 -0.148942
0.0944087 -0.0867465
0.0968799 -0.0598555
0.103014 -0.0243123
0.141157 0.000999026
0.193516 0.0434792
0.175326 0.0501041
0.230638 0.133164
0.215743 0.219499
0.163327 0.224288
0.085144 0.233545
0.0935422 0.226174
0.084979 0.261199
0.183673 0.289904
0.214602 0.249079
0.223973 0.14059
0.181261 0.0601077
0.141191 0.0354902
0.11437 0.0151799
0.114348 -0.00326696
0.12427 -0.0333502
0.118156 -0.0591976
0.105602 -0.076462
0.125714 -0.120124
0.16167 -0.190752
0.149169 -0.123755
0.116245 -0.149061
0.0974151 -0.186386
0.135461 -0.22048
-0.161771 0.127658
-0.154731 0.154898
-0.175106 0.218465
-0.182075 0.222788
-0.144841 0.153821
-0.0848704 0.102901
-0.0529099 0.0760475
-0.0417347 0.0799981
-0.0307083 0.0960075
-0.0188004 0.107502
-0.0126439 0.1201
0.00706399 0.137229
-0.0180359 0.0969618
-0.0412466 0.0887949
-0.0592222 0.0880752
-0.102921 0.120583
-0.185253 0.176213
-0.194777 0.235823
-0.180472 0.194878
-0.155252 0.146923
-0.154103 0.127352
-0.168566 0.181
-0.206762 0.262265
-0.230104 0.3632
-0.144735 0.410983
-0.0500434 0.268787
-0.0939103 0.0666922
-0.158244 -0.0899042
-0.205346 -0.204457
-0.189765 -0.276341
-0.105184 -0.248515
-0.0698593 -0.207216
-0.0747877 -0.206079
-0.0890388 -0.231572
-0.122324 -0.31443
-0.148851 -0.369134
-0.15764 -0.360848
-0.174125 -0.332649
-0.183756 -0.248183
-0.185152 -0.130759
-0.112518 0.0444348
-0.0170914 0.269608
0.0591326 0.477268
0.0107304 0.520162
-0.0166742 0.396965
-0.0416516 0.209679
-0.0773592 0.0770166
-0.0885186 0.0370376
-0.0885361 0.0140258
-0.107259 -0.00229398
-0.058033 0.0666919
-0.0387839 0.17603
-0.0387577 0.368901
-0.0327613 0.527135
0.00388135 0.482985
-0.00726972 0.317434
-0.0919543 0.0925039
-0.199692 -0.0703201
-0.210627 -0.205193
-0.17542 -0.313759
-0.138671 -0.351818
-0.118439 -0.374899
-0.0920782 -0.33871
-0.0668626 -0.248389
-0.0576007 -0.209217
-0.0554351 -0.19378
-0.12181 -0.298492
-0.175178 -0.340123
-0.152272 -0.244412
-0.132539 -0.118147
-0.110102 0.0560532
-0.117552 0.279482
-0.222453 0.336735
-0.315315 0.336075
-0.250096 0.264129
-0.185088 0.181971
-0.00973933 0.15766
0.0366236 0.188598
0.172262 0.209273
0.29909 0.209137
0.324296 0.135738
0.275688 0.102551
0.227653 0.0771291
0.222122 0.0697916
0.241152 0.159334
0.222839 0.188419
0.143532 0.195304
0.0484199 0.170891
0.045364 0.18676
-0.068574 0.0938554
0.0529702 0.178808
0.215431 0.319528
0.400082 0.440342
0.313419 0.285095
0.109718 0.168586
-0.127947 0.0547575
-0.000441038 0.179267
0.133198 0.355442
0.0190031 0.422331
-0.0527588 0.422163
-0.0731393 0.35922
-0.0689665 0.252091
-0.0953967 0.202623
-0.0736749 0.206069
-0.0547807 0.225268
-0.0658383 0.230184
-0.0495791 0.198232
-0.0519243 0.269679
-0.0323282 0.256405
-0.0576681 0.203471
-0.0810882 0.187963
-0.0583605 0.245551
-0.0464119 0.341551
-0.0194808 0.441709
0.0593026 0.460212
0.115386 0.294982
0.00320485 0.145633
-0.213378 -0.00626495
-0.122521 0.0852812
0.0628596 0.236333
0.153112 0.340609
0.146707 0.450094
0.111677 0.381717
0.0710595 0.240397
0.0341443 0.165129
-0.0416844 0.0989588
-0.0384078 0.0623191
-0.0446119 0.0573713
-0.100516 0.106945
-0.216368 0.0485238
-0.30686 -0.0464024
-0.354906 -0.128188
-0.365991 -0.177752
-0.295273 -0.155581
-0.216287 -0.123691
-0.203341 -0.132669
-0.225538 -0.16454
-0.250176 -0.171295
-0.331843 -0.153514
-0.322742 -0.0929565
-0.264753 -0.0269877
-0.0278425 0.153865
-0.00410258 0.112601
0.0134753 0.10696
0.0319684 0.0993267
0.0483561 0.088659
0.0612345 0.0878193
0.0864119 0.10726
0.119334 0.136999
0.193029 0.128166
0.305647 0.0524247
0.367746 0.000227994
0.263825 -0.0669934
0.238066 -0.0593252
0.246744 -0.0602479
0.273851 0.00147633
0.310634 0.0331049
0.273578 0.0740052
0.171546 0.119401
0.157841 0.185099
0.090841 0.14264
0.041661 0.101705
0.0148172 0.0935051
-0.00136082 0.092886
-0.0183974 0.129891
-0.100654 0.0441956
-0.189758 -0.024851
-0.266828 -0.0984454
-0.290385 -0.167812
-0.240668 -0.195325
-0.178793 -0.1617
-0.169021 -0.138298
-0.194222 -0.145035
-0.231573 -0.164758
-0.268683 -0.192055
-0.308605 -0.215995
-0.305558 -0.187533
-0.265008 -0.112649

*RT # rest twists
-0.00575736
0.016894
0.014328
0.0154085
0.00972964
0.00862698
0.0106625
0.0104808
0.00236665
-0.00414828
-0.00675109
-0.0106441
-0.00693077
-0.00441269
-0.00719554
-0.00549966
-0.0143963
-0.0310013
-0.0258749
-0.0259214
-0.0118068
0.00917125
-0.00710511
-0.0234135
-0.0298603
-0.0425243
0.0017769
0.0383788
0.0271919
0.0205571
0.0196051
0.018253
0.0122309
0.0067814
0.00064557
-0.00475781
-0.00418469
-0.0026504
0.00636565
0.015957
0.00809055
0.00205969
-0.0154414
-0.0281747
-0.0186233
-0.00819049
-0.0122334
-0.0138098
-0.0135802
-0.0155604
-0.0166654
-0.0225909
-0.029421
0.00356088
0.0412753
0.0280114
0.0211462
0.00712959
-0.00861479
0.0011681
0.00374082
0.014888
0.0290369
0.0186696
0.00575655
-0.00412641
-0.0133772
-0.0139459
-0.0166387
-0.0158502
-0.0168543
-0.0175506
-0.0200023
-0.0232235
-0.0250744
-0.0191133
-0.00868862
0.00782144
0.0136391
0.0174121
0.0302381
0.0151644
0.00399117
0.00258133
0.00105078
0.00154655
0.00151762
-0.014036
-0.0329342
-0.0179341
-0.011803
-0.0302183
-0.036113
-0.0404165
-0.0467599
-0.0447079
-0.0366575
-0.0125224
0.00625673
0.000755026
-0.00196812
-0.00780327
-0.0120495
-0.0174346
-0.018344
-0.00942965
-0.00153574
-0.0026558
-0.00436228
-0.0292114
-0.0494634
-0.0574573
-0.0669181
-0.0313512
-0.00377942
-0.00540001
-0.00688393
-0.000524649
0.00423205
0.0185526
0.036196
0.0116051
-0.00262888
0.00289365
-0.003665
-0.011957
-0.0170462
-0.013767
-0.0108991
-0.00726282
-0.00341207
-0.00337937
-0.00472633
-0.00286809
-0.00282459
-0.000849589
0.0107778
0.0305796
0.0438605
0.025662
0.0106646
0.0154836
0.00889022
0.0162999
0.0212799
0.0303521
0.0467618
0.0126354
-0.0184771
-0.00897926
-0.00243978
0.000270736
0.00520795
0.00991728
0.00742603
0.00345719
0.00470388
-0.00211784
-0.00202736
-0.00193821
-0.00616665
-0.0138416
0.000237147
0.0133265
0.00910885
0.00523468
0.00543481
0.0067478
0.0112506
0.016431
0.0190059
0.0203139
0.027079
0.0358074
-0.00198979
-0.0462636
-0.0315547
-0.0248769
0.00915761
0.0014973
-0.0222619
-0.00360495
0.0168387
0.00903827
0.00375378
0.00203208
2.16914e-05
0.000628602
0.00195308
-0.00685864
-0.0109962
-0.016729
-0.0204683
-0.0317572
-0.0448398
-0.00784244
0.0316057
0.0174976
0.0117181
0.00976467
0.00483269
0.018977
0.0220896
0.0181457
0.0273796
0.0161304
0.00251784
0.00177401
-0.000151918
0.000593848
0.00276619
-0.00361363
-0.0102295
-0.0173829
-0.0272934
-0.0273124
-0.0270365
-0.0177021
-0.00297661
0.0140283
0.0165705
0.017646
0.0303048
0.0119534
-0.000496117
-0.0016597
-0.00497054
-0.00311961
-0.00469289
-0.0268582
-0.0542142
-0.0215494
0.0151149
0.012794
0.0166493
0.0174023
0.0175581
0.00543035
-0.00510563
-0.0143724
-0.0194835
-0.0190489
-0.0211205
-0.0100693
-0.0074463
-0.0139158
-0.0148146
-0.0227096
-0.0305912
0.00544481
0.0517206
0.0613358
0.0720119
0.0377378
0.0107638
0.0187533
0.0235689
0.0261611
0.0313813
0.0367722
0.0206144
0.00464484
-0.00159024
-0.00915273
-0.000939526
0.00680844
0.00308895
0.0459269
0.0379209
0.0218385
-0.0156733
0.0377255
0.0836382
-0.0482862
-0.0314931
-0.0200639
-0.00167223
0.0264228
0.0159275
0.00464009
-0.00603511
-0.0177612
0.00395158
0.0218695
-0.0156875
0.0104177
0.0370589
0.0211793
0.0139429
0.00425624
-0.00897028
0.00159197
0.00199902
0.0112745
0.0204753
-0.0276173
-0.0456468
-0.0676417
-0.00734822
0.0556866
0.0543109
0.0550002
0.0597435
0.0639539
0.0568856
0.0483831
0.0532561
0.0243714
0.0128504
0.00250589
-0.00274128
-0.00310088
-0.00544593
-0.00978397
-0.000830373
0.00556058
-0.00562352
-0.0200991
-0.0368619
0.0183769
0.0147373
0.0135338
0.0112418
0.00628102
0.00214594
-0.00154126
-0.0045838
-0.00749506
-0.0123131
-0.012797
-0.00863629
-0.013193
-0.0206204
-0.0177661
-0.0159044
-0.00954998
-0.00517879
-0.00325873
0.0034624
0.00253651
-0.000764036
-0.00296082
-0.00835164
0.0146184
0.00906362
0.00921258
0.00868743
0.0100217
0.013545
0.0105215
0.00567894
-0.00486399
-0.0144948
-0.0240554
-0.0309566
-0.0286441

*RefD1 # reference directors
-0.190411 -0.655725 0.730595
-0.149066 -0.444943 0.883066
-0.342627 -0.0897325 0.935176
-0.607237 0.000526657 0.794521
-0.55334 -0.212158 0.805484
-0.250585 -0.466958 0.848031
0.0443104 -0.67016 0.740893
0.267142 -0.788858 0.553478
0.190751 -0.906691 0.376198
0.0979741 -0.95786 0.270008
-0.0342069 -0.948683 0.314372
-0.125748 -0.916354 0.380108
-0.13424 -0.886994 0.441838
-0.0797165 -0.89301 0.44292
0.0228436 -0.865121 0.501042
0.102902 -0.918118 0.382714
-0.125 -0.875585 0.466611
-0.276894 -0.676198 0.682704
0.0812626 -0.59971 0.796081
0.0196183 -0.332651 0.942846
-0.16294 -0.126391 0.978507
-0.523439 0.0464909 0.850794
-0.79297 0.0485952 0.60732
-0.924347 0.108831 0.365703
-0.985551 0.153879 0.0707844
-0.989031 0.145363 0.0261996
-0.996583 0.0814489 0.0137531
-0.99308 0.0044721 -0.117357
-0.948575 -0.152826 -0.277219
-0.895853 -0.322185 -0.306014
-0.873947 -0.424543 -0.236603
-0.876688 -0.443325 -0.186764
-0.872409 -0.441431 -0.209858
-0.863914 -0.42147 -0.275711
-0.900023 -0.331709 -0.282715
-0.911199 -0.141012 -0.387082
-0.810185 0.0140429 -0.586006
-0.62138 0.182241 -0.76202
-0.206621 0.21714 -0.954022
0.0151458 0.22896 -0.973318
0.0454414 0.303255 -0.951825
0.185244 0.29725 -0.936657
0.506524 0.133966 -0.851755
0.710183 0.021907 -0.703676
0.827713 -0.137975 -0.543925
0.88085 -0.291247 -0.373201
0.848608 -0.43761 -0.297257
0.845225 -0.457486 -0.276226
0.857319 -0.445969 -0.257131
0.868516 -0.393963 -0.300786
0.901662 -0.25354 -0.35032
0.962671 -0.0358245 -0.268295
0.9937 0.0957106 -0.0583108
0.983336 0.18156 -0.00928145
0.966264 0.248646 0.0671448
0.891223 0.328794 0.312435
0.780649 0.302026 0.547144
0.515394 0.253467 0.81861
0.213041 -0.0246969 0.976731
0.00665193 -0.300708 0.953693
0.0623352 -0.537465 0.840979
0.245761 -0.667958 0.702448
0.336605 -0.81353 0.474201
0.130049 -0.949243 0.286401
0.111159 -0.930844 0.348099
0.144909 -0.931646 0.333221
0.164033 -0.941925 0.293037
0.181813 -0.932238 0.312851
0.129994 -0.953168 0.273078
0.0320184 -0.972162 0.232113
-0.0957672 -0.932828 0.347363
-0.115405 -0.82658 0.550861
-0.0240175 -0.745572 0.665993
0.177143 -0.616364 0.767278
0.465786 -0.373284 0.80231
0.695473 -0.0863081 0.71335
0.673017 -0.0492017 0.737989
0.372986 -0.269276 0.887903
0.357636 -0.578691 0.732949
0.523533 -0.450073 0.723428
0.495869 -0.292812 0.817542
0.2615 -0.0231464 0.964926
-0.00584541 -0.103301 0.994633
-0.00320891 -0.109688 0.993961
0.0822883 -0.093395 0.992223
0.153667 -0.140977 0.978014
0.0388388 -0.117475 0.992316
-0.337849 -0.122674 0.933172
-0.508372 -0.299299 0.807452
-0.613814 0.757918 -0.220892
-0.793729 0.604045 -0.0715835
-0.940776 0.326371 0.0917693
-0.92844 -0.0945433 0.359251
-0.969849 -0.242288 -0.0262589
-0.939974 0.00261188 -0.341235
-0.706759 0.315301 -0.633306
-0.426851 0.521746 -0.738633
-0.122781 0.648211 -0.751497
0.172362 0.672538 -0.719711
0.341539 0.593886 -0.728458
0.445982 0.55994 -0.69826
0.761519 0.44823 -0.468166
0.952731 0.302194 0.0313561
0.899121 0.00468897 0.437675
0.655105 -0.28618 0.699241
0.422774 -0.502955 0.753855
0.227452 -0.721311 0.654199
0.325109 -0.78649 0.525107
0.584063 -0.534082 0.61125
0.885808 -0.116792 0.449114
0.877117 0.394882 0.273376
0.575144 0.817536 -0.0290455
0.129769 0.976572 -0.171661
-0.230649 0.964232 -0.130604
-0.224192 0.960915 -0.162421
-0.0277782 0.984022 -0.175866
0.0521679 0.987862 -0.14631
0.187255 0.972511 -0.138408
0.187552 0.963527 -0.190891
-0.261035 0.916826 -0.302143
-0.699664 0.699359 -0.146174
-0.963074 0.225537 0.147042
-0.948891 -0.153506 0.275758
-0.720856 -0.533527 0.442397
-0.487232 -0.801763 0.346093
-0.413089 -0.806424 0.423128
-0.524205 -0.670001 0.525651
-0.698247 -0.530831 0.480281
-0.893842 -0.37061 0.252379
-0.977193 -0.207213 -0.0464354
-0.87597 -0.0904006 -0.473819
-0.600664 -0.0121221 -0.79941
-0.463218 0.00318042 -0.886239
-0.356565 0.0808925 -0.930762
-0.161733 0.0891884 -0.982796
0.255375 0.154415 -0.954432
0.630412 0.0188608 -0.776031
0.848524 -0.18085 -0.497293
0.828118 -0.440677 -0.346446
0.92598 -0.376152 -0.0327316
0.955267 0.0922867 -0.280977
0.763805 0.566644 -0.309059
0.636682 0.719811 -0.2766
0.43869 0.8755 -0.202611
0.347262 0.931516 -0.10811
0.283955 0.925495 -0.250657
0.262436 0.958245 -0.113551
0.146648 0.914096 0.378051
0.130906 0.651628 0.747158
0.248079 0.351266 0.902812
0.330135 0.116179 0.936757
0.347546 -0.0498719 0.936336
0.337851 -0.105394 0.93528
0.374121 -0.109937 0.920841
0.402035 -0.190256 0.89564
0.455116 -0.352483 0.817695
0.516909 -0.618 0.592351
0.404845 -0.784945 0.469001
0.214477 -0.94369 0.25189
-0.0016352 -0.959412 0.282005
-0.0122649 -0.970881 0.239248
-0.150482 -0.947627 0.281705
-0.370382 -0.826565 0.423801
-0.442256 -0.676213 0.58919
-0.44009 -0.420572 0.793372
-0.353193 -0.215003 0.91051
-0.323919 -0.122371 0.938137
-0.328617 -0.0836212 0.940754
-0.263227 -0.100024 0.959535
-0.284906 -0.0501519 0.957243
-0.308356 0.0882562 0.947168
-0.250584 0.322032 0.912964
-0.124883 0.609087 0.78321
-0.0300933 0.881657 0.470931
-0.0921778 0.995242 -0.0315629
-0.130518 0.951 -0.280295
-0.212441 0.958652 -0.189352
-0.337095 0.923149 -0.18483
-0.95076 -0.102908 0.292345
-0.99559 -0.0739633 0.0577096
-0.99859 -0.037542 0.0375337
-0.996924 0.0178144 0.076322
-0.995277 0.0811296 -0.0533094
-0.959644 0.256898 -0.114396
-0.928598 0.361894 -0.082093
-0.914125 0.403705 -0.0373894
-0.911668 0.410372 -0.0213745
-0.90369 0.414312 -0.10812
-0.923029 0.374115 -0.0897544
0.876596 0.43729 -0.200891
0.881324 0.426162 -0.204095
0.893559 0.375497 -0.246077
0.926449 0.255021 -0.276868
0.977701 0.0847563 -0.192137
0.999239 -0.0190138 -0.0340452
0.99716 -0.0675646 -0.0332614
0.984057 -0.176976 0.0176381
0.931797 -0.273814 0.238285
0.877558 -0.183467 0.442982
0.63574 -0.143738 0.758403
0.3122 0.110858 0.943526
0.021658 0.4676 0.883675
0.137325 0.529274 0.837264
0.368032 0.633284 0.680811
0.442669 0.833075 0.331706
0.218365 0.953523 0.207629
0.268221 0.904781 0.3308
0.356204 0.898247 0.257431
0.355086 0.925088 0.134633
0.348439 0.931783 0.101841
0.28755 0.957672 0.0133932
0.122792 0.99229 -0.0168356
-0.0996214 0.986717 0.128316
-0.244039 0.898671 0.364465
-0.0996201 0.770898 0.62912
0.156909 0.577175 0.801404
0.441188 0.320158 0.838363
0.648802 0.0408536 0.75986
0.580432 0.0465795 0.812975
0.285514 0.301738 0.909635
0.249586 0.587148 0.770042
0.419001 0.531491 0.736176
0.435893 0.377433 0.817032
0.121868 0.19378 0.973446
-0.161959 0.22129 0.961665
-0.0940941 0.201113 0.975038
0.0214489 0.208628 0.97776
0.0602913 0.212345 0.975333
-0.137742 0.166802 0.976322
-0.489278 0.266117 0.830535
-0.505391 0.461419 0.729159
-0.313639 0.499254 0.807698
-0.340804 0.158114 0.926743
-0.628731 -0.0261223 0.777184
-0.654228 0.106627 0.748743
-0.382624 0.441573 0.811549
-0.151647 0.645382 0.748655
0.138133 0.800785 0.582805
0.168696 0.917811 0.359395
0.0440955 0.994836 0.091411
-0.296162 0.954994 -0.0165847
-0.492565 0.860448 0.130419
-0.552146 0.787798 0.272963
-0.516859 0.773785 0.366214
-0.359819 0.782221 0.508588
-0.132829 0.847828 0.513365
-0.0447335 0.933245 0.356443
-0.228592 0.843998 0.485193
-0.0710116 0.6328 0.771052
0.118305 0.496809 0.859759
0.127094 0.445374 0.886278
-0.191079 0.116891 0.97459
-0.545079 -0.138248 0.826908
-0.808018 -0.20164 0.553577
-0.942213 0.280384 -0.183355
-0.932858 0.0948224 -0.347541
-0.829496 -0.0675561 -0.554411
-0.592532 -0.212329 -0.77706
-0.221202 -0.338642 -0.914544
-0.0738872 -0.329988 -0.941089
-0.0513551 -0.385255 -0.92138
0.232386 -0.347261 -0.908519
0.644158 -0.234568 -0.728037
0.840411 -0.06494 -0.538045
0.911207 0.136528 -0.388667
0.916264 0.311179 -0.252246
0.863998 0.429722 -0.262386
0.185507 0.871131 -0.454662
0.184171 0.848421 -0.496249
-0.28093 0.914682 -0.290575
-0.51315 0.62009 -0.593436
-0.539032 0.129013 -0.832346
-0.292652 -0.318478 -0.901624
0.833852 0.521577 -0.180687
0.602622 0.43224 -0.670832
0.531286 0.353724 -0.769815
0.512813 0.396729 -0.761334
0.64137 0.356822 -0.679207
0.783361 0.354816 -0.510345
0.852912 0.393825 -0.342698
0.940995 0.338393 0.00435683
0.904276 0.392404 0.168239
0.873486 0.485667 -0.0338978
0.867673 0.4202 -0.265662
-0.85424 0.41497 -0.313168
-0.879166 0.452048 -0.150727
-0.908924 0.413724 0.0518599
-0.966246 0.25736 -0.0116226
-0.897504 0.334413 -0.287496
-0.824017 0.326478 -0.463043
-0.750185 0.320943 -0.578116
-0.59482 0.29936 -0.746038
-0.587724 0.236012 -0.773872
-0.656694 0.253162 -0.710395
-0.876039 0.359035 -0.321945
-0.423886 -0.306119 -0.852415
-0.24836 -0.248829 -0.936163
0.0933136 0.189158 -0.977503
0.0593133 0.613334 -0.787593
-0.0258274 0.769432 -0.638206
-0.325159 0.645571 -0.691021
-0.333919 0.541496 -0.771544
-0.095536 0.546256 -0.832152
0.053023 0.536743 -0.842078
0.0352509 0.558124 -0.829009
-0.0216288 0.556353 -0.830664
0.0606957 -0.618291 -0.783602
0.116348 -0.444697 -0.888092
-0.198834 -0.161992 -0.966552
-0.496979 0.124388 -0.858801
-0.722213 0.454508 -0.521375
-0.674947 0.723608 -0.144354
-0.414957 0.909444 -0.0268774
-0.267521 0.96186 -0.0570862
-0.1852 0.982701 -0.000635662
-0.0889219 0.983196 0.159433
0.119713 0.966419 0.227382
0.339973 0.886951 0.312627
0.63775 0.749861 0.176021
0.883573 0.395635 -0.250544
0.884797 0.37925 -0.270747
0.874703 0.341026 -0.344378
0.867048 0.310636 -0.389529
0.879169 0.312825 -0.359447
0.900503 0.316239 -0.298474
0.911496 0.2497 -0.32684
0.957012 0.103896 -0.270802
0.988054 -0.152174 -0.0243483
0.879821 -0.427356 0.208042
0.52402 -0.630363 0.572753
0.0800562 -0.732347 0.676209
-0.015892 -0.760654 0.648962
-0.0878375 -0.787355 0.61021
-0.429106 -0.751274 0.501453
-0.747602 -0.599236 0.286368
-0.927912 -0.370178 0.0441251
-0.981944 -0.102577 -0.158945
-0.932438 0.206452 -0.296542
-0.905964 0.297267 -0.301432
-0.885563 0.297896 -0.356422
-0.887672 0.317116 -0.33388
-0.887566 0.339561 -0.311329
-0.880481 0.372749 -0.292936
-0.785192 0.619067 -0.0151187
-0.477104 0.851523 0.217441
-0.269964 0.910998 0.311773
-0.0573364 0.947613 0.314233
0.181557 0.946241 0.267704
0.290682 0.944178 0.155023
0.364944 0.919758 0.144432
0.484509 0.874214 0.0316251
0.585311 0.76899 -0.257032
0.54129 0.675682 -0.500459
0.385572 0.556997 -0.735587
0.0999998 0.324098 -0.940723
-0.206307 0.0203202 -0.978276

*RefT # reference twists
0.501148
0.0359909
-0.0540709
-0.198479
-0.138666
-0.0609157
-0.0230305
0.0424594
-0.126787
-0.062267
-0.136687
-0.11752
-0.0607754
0.0161335
-0.0793125
0.0740298
0.133867
0.0935041
-0.339822
0.122668
0.144894
0.228473
0.200802
0.0119652
0.00997521
0.0161789
0.0642944
-0.00674311
-0.05296
0.00595237
0.0654907
0.0469998
-0.0229877
-0.0623043
0.0199601
-0.0365596
-0.120311
-0.0610407
-0.173581
-0.0171183
0.0773884
0.0103236
-0.0210144
0.0848681
0.0790888
0.115309
0.0331921
0.01687
0.0226665
-0.0381947
-0.0610873
-0.00965369
0.0478916
-0.0744589
-0.0828732
-0.15757
-0.040747
-0.117834
-0.0306135
-0.0520348
0.0666871
0.144336
0.110683
-0.083342
-0.0641758
0.0224057
0.0386722
-0.0284181
0.0684699
0.104951
0.0724235
0.0300288
-0.0172564
-0.00783128
0.0717697
0.123659
0.0505626
0.188364
-0.0791138
-0.213919
-0.121492
-0.263896
0.0273203
0.00676292
-0.0171928
0.0417638
0.000378343
0.0722782
0.149456
0.208679
0.221244
0.0976665
0.0189946
-0.395354
-0.0063207
0.124659
0.101757
0.00683775
-0.0977377
-0.149421
-0.0700643
-0.199441
-0.160412
-0.236654
-0.186599
-0.118828
-0.137012
-0.17695
-0.0765732
-0.21677
0.0793903
0.122013
0.159873
0.147566
-0.0322515
0.001588
0.0312366
0.00179011
-0.0534079
-0.272015
-0.189975
-0.144115
-0.0301974
0.230874
0.0753594
0.105286
0.114401
0.051737
0.0391797
0.0890148
0.110481
0.164302
0.0655798
0.113114
0.0818277
0.221118
0.0229078
-0.0222075
-0.112223
0.317835
0.0161578
0.0948899
-0.0211021
-0.118981
-0.0537456
-0.0859011
-0.0264417
-0.132406
-0.0458046
0.0441394
-0.000408535
-0.0493267
-0.0323003
0.032984
0.00184001
0.0417352
0.163943
0.0316172
0.160395
-0.0446252
0.0445224
-0.0295932
-0.0656302
-0.0835059
-0.0973271
-0.0785072
-0.000989583
0.0199574
-0.0681868
0.0415266
0.080378
0.0313385
-0.0491688
-0.0729013
0.0384628
0.0293867
0.0951189
0.121091
0.177702
0.0781325
0.0392474
0.0629177
-0.0269086
0.0341398
0.0498506
0.04174
0.0145675
-0.0865532
0.0278863
0.0610886
-0.000656084
-0.0366886
-0.0437875
0.0026843
0.0213628
-0.0491774
-0.11796
-0.156435
0.0184005
-0.185542
-0.11434
-0.0819759
0.125952
0.211386
0.146381
-0.0974602
-0.0960726
0.0767085
0.122994
0.0333368
0.110486
0.151241
0.190759
0.212293
0.0789022
0.0833839
0.112914
0.1234
0.0603209
0.208619
0.0200665
-0.181157
-0.16561
-0.24085
-0.0356174
-0.0136487
0.00921319
0.000881405
-0.0108177
0.133137
0.186427
0.200328
-0.00409403
-0.238647
-0.125072
-0.145658
-0.0713681
0.0212799
-0.0922681
-0.149442
-0.297057
-0.263829
-0.170367
-0.0741145
-0.118516
-0.0476221
0.0839688
0.100675
-0.168302
-0.14147
-0.00585742
0.144198
0.112506
0.141695
-0.0656743
-0.0904408
-0.109037
-0.107462
-0.041335
-0.029205
0.0585946
-0.00529248
0.098817
0.0676538
0.039622
0.0708408
-0.0464308
0.52442
-0.0483307
0.425856
-0.00687334
0.0656016
-0.058416
0.0118563
-0.339432
-0.0609397
-0.0133721
0.120628
0.143765
0.105992
0.0424242
0.107855
0.0841452
0.0216695
0.0464535
-0.0559255
-0.0467039
-0.176094
0.0294933
-0.0661932
-0.092234
-0.226739
-0.0165315
0.0719799
0.273768
0.140427
0.0982812
0.11809
-0.117903
-0.0247533
-0.315527
-0.132315
-0.0528162
-0.031286
0.0248743
-0.00717038
-0.121021
-0.185732
-0.0833583
-0.0928629
-0.106093
-0.118388
-0.236541
-0.147514
-0.0272562
0.083001
0.0269895
0.133243
0.0741746
-0.0324885
0.013301
0.0755666
0.0516789
-0.031321
-0.0620296
0.0455628
-0.00908702
-0.12133
-0.0509978
-0.181794
-0.0378938
0.0374675
0.0488337
0.0826385
0.0938024
0.0672448
0.0473333
0.0190435
-0.0208383
0.0547893
-0.0270752
-0.0258395
-0.0137444
-0.0136485
-0.129838
-0.0265725
-0.028363
0.0157746
-0.0351227
0.0465058
0.0280173
-0.00249424
-0.0299648
-0.0204468
0.0516992
0.101141

