*pattern # px py radius num_vertedges
0.0109376 0.0124184 0.00100083 182

*Q # dofs: x y z t
-0.00617883 0.000684307 0.0036955 -0.353342
-0.00533888 0.000549311 0.00403441 -0.299086
-0.00447281 0.000436135 0.00430983 -0.237425
-0.00354841 0.000428162 0.00437362 -0.183653
-0.00262309 0.000438306 0.00442143 -0.158596
-0.00169773 0.000465591 0.00446094 -0.164281
-0.000834111 0.000596654 0.00434823 -0.141524
2.15222e-05 0.000754137 0.00421139 -0.126994
0.000917503 0.00111491 0.00377739 -0.139684
0.00174189 0.00152425 0.00325411 -0.120001
0.00177513 0.00224853 0.00225505 -0.0594388
0.00176298 0.00298723 0.00126574 0.073677
0.00132151 0.00367713 0.00075088 -0.0185728
0.000925614 0.00439261 0.000233113 -0.0841412
0.000813956 0.0049559 -0.000279254 -0.0973172
0.000756153 0.00551734 -0.000802934 -0.139442
0.000929824 0.00594919 -0.00141409 -0.186334
0.00111623 0.0063723 -0.00202764 -0.192713
0.00194392 0.0067744 -0.00286754 -0.196751
0.00286478 0.00716081 -0.00361263 -0.0882991
0.00407073 0.0070302 -0.00333813 0.00916642
0.00519727 0.00681402 -0.00285744 0.235042
0.00536516 0.00637412 -0.00206081 0.276619
0.00547191 0.00592168 -0.00126087 0.32759
0.0052038 0.00539437 -0.000752547 0.304601
0.00493519 0.00484489 -0.000268495 0.263078
0.00452697 0.00418274 0.000215931 0.268918
0.00411965 0.00349539 0.000664708 0.392669
0.00383321 0.00257401 0.00144583 0.323965
0.0035996 0.00163893 0.00222884 0.230411
0.00410147 0.00115419 0.00301869 0.281857
-0.00587826 -0.00620378 0.0037406 -0.229331
-0.0049574 -0.00584756 0.00334985 -0.190964
-0.00407923 -0.00546013 0.00289595 -0.154054
-0.00391798 -0.00474461 0.00191153 -0.107077
-0.00375911 -0.00398384 0.000961044 -0.0278093
-0.004049 -0.00325426 0.00040591 -0.109425
-0.0042756 -0.00250807 -0.000157218 -0.0911913
-0.00424893 -0.00197051 -0.000703872 -0.0717057
-0.0041782 -0.00145573 -0.00126905 -0.0504642
-0.00392694 -0.00110474 -0.00189664 -0.0589698
-0.00367605 -0.00076209 -0.00252906 -0.0437524
-0.00279485 -0.000504218 -0.0033515 -0.0420627
-0.00183601 -0.000267639 -0.00408977 -0.0194187
-0.000657569 -0.000532911 -0.00378032 0.0208725
0.000402566 -0.000915113 -0.0032465 0.0671309
0.00046679 -0.00139281 -0.00245812 0.0773002
0.000484207 -0.00188561 -0.00167696 0.115248
0.000119472 -0.00239179 -0.00120772 0.122767
-0.000256917 -0.0029175 -0.000770339 0.131573
-0.000797342 -0.00351585 -0.000342304 0.154053
-0.00133946 -0.00410258 9.92524e-05 0.211299
-0.00181295 -0.00489193 0.000935926 0.173042
-0.00222035 -0.00567226 0.00181499 0.0455961
-0.00179527 -0.00613489 0.00265947 0.0320509
-0.00117067 -0.00653233 0.00340783 -0.049371
-0.000309389 -0.0066442 0.00372326 -0.0521861
0.000579976 -0.00671593 0.00396392 -0.0266224
0.0015024 -0.00664151 0.00400089 0.00682496
0.00242528 -0.0065656 0.0040157 0.0290458
0.00334918 -0.00650154 0.00401711 0.0513456
0.00420547 -0.00634973 0.00388895 0.086255
-0.00716024 -0.00273553 -0.00298775 -0.892965
-0.00625521 -0.00325089 -0.00295541 -0.660291
-0.00533906 -0.00373389 -0.00283582 -0.534652
-0.00417786 -0.0036894 -0.0023709 -0.371183
-0.00307396 -0.00369021 -0.00177888 -0.252879
-0.00256016 -0.00299622 -0.00116546 -0.178269
-0.00226791 -0.00218146 -0.000555177 -0.0550333
-0.00240342 -0.00144498 -0.000305016 -0.0365017
-0.00267466 -0.000727612 -0.000117162 -0.0822434
-0.00321353 7.34168e-05 -6.15091e-05 -0.143977
-0.00385045 0.000800588 -9.72993e-05 -0.0529478
-0.00436559 0.00127969 -0.000228026 -0.0192645
-0.0049021 0.00172675 -0.000384847 -0.140335
-0.00535694 0.00219816 -0.0006403 -0.243511
-0.00574745 0.0026954 -0.000947803 -0.386307
-0.00584427 0.00331369 -0.00150951 -0.387682
-0.00582719 0.00393056 -0.00208071 -0.363782
-0.00500326 0.00454168 -0.00265671 -0.373061
-0.00418155 0.00519041 -0.00319223 -0.159273
-0.00304419 0.00541163 -0.00322941 -0.147621
-0.00190416 0.00561359 -0.00328925 0.0379858
-0.00120285 0.00538118 -0.00302463 0.0773871
-0.000544032 0.00507899 -0.00272395 0.190285
-0.000222876 0.00459316 -0.00231548 0.194961
1.12367e-06 0.00406551 -0.00189442 0.229541
-3.64795e-05 0.00339064 -0.00161435 0.237243
-0.000145094 0.00271043 -0.00136798 0.258181
-0.000486587 0.00182224 -0.0013841 0.224315
-0.000854992 0.000946792 -0.00144478 0.206608
-0.00110131 0.000282682 -0.00158685 0.190994
-0.00131974 -0.000386163 -0.00175046 0.148705
-0.00147244 -0.00131301 -0.00215527 0.0879159
-0.00152117 -0.0022245 -0.0026172 0.0418034
-0.000766757 -0.00323542 -0.00276198 0.0708488
0.000149961 -0.0041136 -0.0027292 0.0405031
0.000991749 -0.00400064 -0.00198716 0.0865205
0.00173925 -0.00376599 -0.00117613 0.0470889
0.00189084 -0.00309549 -0.000426308 0.00770146
0.0020408 -0.00242905 0.00032787 -0.0985942
0.00176807 -0.00145967 0.000965543 -0.0359776
0.00142973 -0.000483637 0.00155962 -0.049018
0.000778509 0.000241082 0.00171349 -0.0534062
0.000155516 0.000984683 0.00189295 -0.0109508
-0.000105488 0.00168911 0.00217482 -0.0124894
-0.000256203 0.00240692 0.00250042 -0.00798971
0.000136139 0.00306671 0.00292638 -0.00427478
0.000630982 0.00366392 0.00333802 0.0668679
0.00180804 0.00383812 0.00348067 0.100838
0.00299401 0.00395304 0.003607 0.169746
0.00406877 0.00354574 0.0032913 0.198826
0.00513715 0.00311515 0.0029851 0.232737
0.00548658 0.00251374 0.00252523 0.241395
0.00574054 0.00189041 0.00203267 0.173296
0.0054864 0.00128937 0.0015451 0.190666
0.00512671 0.000707958 0.00110177 0.101068
0.00445775 0.000178451 0.000724264 0.099224
0.00376086 -0.000323299 0.000359121 0.251793
0.00318013 -0.00100647 -0.000491888 0.310096
0.00272891 -0.00161469 -0.0014699 0.551185
0.00315702 -0.00223296 -0.00225234 0.688153
-0.00446446 0.0024044 -0.00277999 -0.320984
-0.00399425 0.00283053 -0.00198765 -0.267945
-0.00368616 0.00321939 -0.00110151 -0.356411
-0.0038324 0.00402404 -0.000210058 -0.317146
-0.00407158 0.00480652 0.000680076 -0.314314
-0.00469492 0.00554208 0.000968583 -0.33642
-0.000828612 0.005578 0.000548742 0.104798
-0.00136444 0.00503418 3.43086e-05 0.168901
-0.00176126 0.00440062 -0.00094793 0.138833
-0.00211324 0.00377797 -0.00195491 0.188355
-0.00162801 0.00328415 -0.00282521 0.164027
-0.000948238 0.00280827 -0.00356624 0.0518938
0.000107952 0.00269256 -0.00346206 0.0488851
0.00114249 0.00265699 -0.00319781 -0.0584245
0.00191004 0.00306062 -0.00229956 -0.0415855
0.00265354 0.00348867 -0.00139166 -0.181253
0.00276395 0.00426609 -0.000733314 -0.186955
0.00328513 0.0053412 -0.00229168 0.0752039
0.0032149 0.00458944 -0.00297371 0.23444
0.00388261 0.00369204 -0.00354988 0.34402
0.00474152 0.00293438 -0.00407062 0.757909
0.00565569 0.00261936 -0.00351034 1.12754
-0.00534449 -0.00615204 0.00122698 -0.245187
-0.0057001 -0.00551803 0.00153237 -0.189497
-0.00597809 -0.00486019 0.00186663 -0.119596
-0.00576796 -0.00419142 0.0024027 -0.0820869
-0.0054278 -0.00356141 0.0029188 0.0593294
-0.00429725 -0.00333063 0.00326574 0.0999257
-0.00312988 -0.00319804 0.00353236 0.220171
-0.00203807 -0.0036117 0.00331342 0.249659
-0.000944437 -0.00402418 0.00310249 0.285175
-0.000499428 -0.00458482 0.00267602 0.265197
-8.32739e-05 -0.00513745 0.00221142 0.14424
-0.000142131 -0.0057207 0.00163677 0.11685
-0.000304734 -0.00628741 0.00106571 0.0241968
0.0027918 -0.00734858 -9.78913e-05 -0.157794
0.00254742 -0.00665713 0.000218929 -0.149388
0.00226224 -0.00598094 0.000534809 -0.201271
0.00180834 -0.00517853 0.000804333 -0.187538
0.00131838 -0.00439079 0.00105359 -0.187143
0.00090135 -0.00382417 0.00115913 -0.123896
0.000473639 -0.00326082 0.0012364 -0.0894335
0.000121646 -0.00265936 0.00119689 -0.0914958
-0.000181089 -0.00203981 0.00108852 -0.101536
-0.000240811 -0.00130983 0.000680582 -0.0787012
-0.000233504 -0.000605719 0.000225743 -0.0565808
0.000537561 -1.40151e-05 -0.000441142 -0.0776784
0.00128955 0.000578289 -0.00112803 -0.0680621
0.00237142 0.000580088 -0.00152273 -0.0300282
0.0034473 0.00050334 -0.00192598 -0.0962054
0.00406758 2.72292e-05 -0.00192714 -0.100995
0.00461197 -0.000530639 -0.00186592 -0.114166
0.00478721 -0.00117781 -0.00161295 -0.0988821
0.00488372 -0.00182616 -0.0013225 -0.0645799
0.0047581 -0.00252002 -0.00111309 -0.000497965
0.00462319 -0.00321982 -0.000931769 0.068323
0.00421506 -0.00409217 -0.0010077 -0.00518314
0.00384028 -0.00497119 -0.00115048 0.0238875
0.00359552 -0.00562592 -0.00138626 0.0524616
0.0034058 -0.00627855 -0.00167336 0.0846361

*E # edges [v0, v1, dx, dy]
30 0 1 0
0 1 0 0
1 2 0 0
2 3 0 0
3 4 0 0
4 5 0 0
5 6 0 0
6 7 0 0
7 8 0 0
8 9 0 0
9 10 0 0
10 11 0 0
11 12 0 0
12 13 0 0
13 14 0 0
14 15 0 0
15 16 0 0
16 17 0 0
17 18 0 0
18 19 0 0
19 20 0 0
20 21 0 0
21 22 0 0
22 23 0 0
23 24 0 0
24 25 0 0
25 26 0 0
26 27 0 0
27 28 0 0
28 29 0 0
29 30 0 0
61 31 1 0
31 32 0 0
32 33 0 0
33 34 0 0
34 35 0 0
35 36 0 0
36 37 0 0
37 38 0 0
38 39 0 0
39 40 0 0
40 41 0 0
41 42 0 0
42 43 0 0
43 44 0 0
44 45 0 0
45 46 0 0
46 47 0 0
47 48 0 0
48 49 0 0
49 50 0 0
50 51 0 0
51 52 0 0
52 53 0 0
53 54 0 0
54 55 0 0
55 56 0 0
56 57 0 0
57 58 0 0
58 59 0 0
59 60 0 0
60 61 0 0
121 62 1 0
62 63 0 0
63 64 0 0
64 65 0 0
65 66 0 0
66 67 0 0
67 68 0 0
68 69 0 0
69 70 0 0
70 71 0 0
71 72 0 0
72 73 0 0
73 74 0 0
74 75 0 0
75 76 0 0
76 77 0 0
77 78 0 0
78 79 0 0
79 80 0 0
80 81 0 0
81 82 0 0
82 83 0 0
83 84 0 0
84 85 0 0
85 86 0 0
86 87 0 0
87 88 0 0
88 89 0 0
89 90 0 0
90 91 0 0
91 92 0 0
92 93 0 0
93 94 0 0
94 95 0 0
95 96 0 0
96 97 0 0
97 98 0 0
98 99 0 0
99 100 0 0
100 101 0 0
101 102 0 0
102 103 0 0
103 104 0 0
104 105 0 0
105 106 0 0
106 107 0 0
107 108 0 0
108 109 0 0
109 110 0 0
110 111 0 0
111 112 0 0
112 113 0 0
113 114 0 0
114 115 0 0
115 116 0 0
116 117 0 0
117 118 0 0
118 119 0 0
119 120 0 0
120 121 0 0
143 122 1 0
122 123 0 0
123 124 0 0
124 125 0 0
125 126 0 0
126 127 0 0
156 128 0 -1
128 129 0 0
129 130 0 0
130 131 0 0
131 132 0 0
132 133 0 0
133 134 0 0
134 135 0 0
135 136 0 0
136 137 0 0
137 138 0 0
181 139 0 -1
139 140 0 0
140 141 0 0
141 142 0 0
142 143 0 0
127 144 0 1
144 145 0 0
145 146 0 0
146 147 0 0
147 148 0 0
148 149 0 0
149 150 0 0
150 151 0 0
151 152 0 0
152 153 0 0
153 154 0 0
154 155 0 0
155 156 0 0
138 157 0 1
157 158 0 0
158 159 0 0
159 160 0 0
160 161 0 0
161 162 0 0
162 163 0 0
163 164 0 0
164 165 0 0
165 166 0 0
166 167 0 0
167 168 0 0
168 169 0 0
169 170 0 0
170 171 0 0
171 172 0 0
172 173 0 0
173 174 0 0
174 175 0 0
175 176 0 0
176 177 0 0
177 178 0 0
178 179 0 0
179 180 0 0
180 181 0 0

*RL # rest lengths
0.000914902
0.000914954
0.000925713
0.00092568
0.000925677
0.000879885
0.000879848
0.00105802
0.00105793
0.0012335
0.0012338
0.000966243
0.000966702
0.000768802
0.000769126
0.000767418
0.000767458
0.00124479
0.00124492
0.00124254
0.0012426
0.000924621
0.000924394
0.000779004
0.000779004
0.000915293
0.000915286
0.0012405
0.0012408
0.00105335
0.00105331
0.0010605
0.0010604
0.00122652
0.00122675
0.000960306
0.000960757
0.000766344
0.000766812
0.000760841
0.000760933
0.00123147
0.0012319
0.00124605
0.00124612
0.000923259
0.00092298
0.00077983
0.00077975
0.000911746
0.000911646
0.00124289
0.00124306
0.00105203
0.00105209
0.000922961
0.000923019
0.000924908
0.000924871
0.000924863
0.000877837
0.000877643
0.00104041
0.00104097
0.00124987
0.00125088
0.00105877
0.00105897
0.000790125
0.000790199
0.000967426
0.000967517
0.000715534
0.000715668
0.000703118
0.000703106
0.000840764
0.000840612
0.00117523
0.00117472
0.00115823
0.00115829
0.000784473
0.00078451
0.000711546
0.000711485
0.000731882
0.000731712
0.0009515
0.000951456
0.000722215
0.000722205
0.00102271
0.00102281
0.00126999
0.00127013
0.00112736
0.00112714
0.0010163
0.00101653
0.00119057
0.0011903
0.000984926
0.000985135
0.000801627
0.000801768
0.000876754
0.000876786
0.00119568
0.00119545
0.00118936
0.00118934
0.000832835
0.000833146
0.000813554
0.00081368
0.000931279
0.000931434
0.00123442
0.00123525
0.00108395
0.00108415
0.00101464
0.00101488
0.00120834
0.00120763
0.0010052
0.0010054
0.00091941
0.00123288
0.00123358
0.001112
0.0011125
0.00106763
0.00106835
0.00124799
0.00124854
0.00102402
0.00102419
0.00101633
0.001257
0.00125695
0.00111695
0.00111663
0.000787851
0.00078797
0.000881889
0.000881941
0.00120361
0.00120337
0.00118618
0.001186
0.000832201
0.000832336
0.000820322
0.000820237
0.000919429
0.000798681
0.000798765
0.00096023
0.000960311
0.00071118
0.000711301
0.000697775
0.000697736
0.000837754
0.000837597
0.00117728
0.00117675
0.00115083
0.0011508
0.000781955
0.000781943
0.000716437
0.00071658
0.000734971
0.00073487
0.00096524
0.000965391
0.000737147
0.000737266
0.00101617

*RK # rest kappas
0.454506 0.0554902
0.0276575 -0.0193817
0.221516 -0.0639073
-0.00783402 0.0108842
-0.014138 0.01394
0.174144 -0.0315462
0.00347357 0.0101829
0.273907 -0.0613495
0.0371405 -0.00738245
0.843463 -0.13828
-0.0499166 0.0319604
0.510979 0.210401
-0.0234223 0.0207514
-0.237032 -0.0880068
-0.017328 -0.030667
-0.28108 -0.195702
0.0249663 -0.0197286
-0.442778 -0.1219
0.0078982 0.0285912
-1.00362 0.0465222
-0.0828395 0.014284
-0.971356 -0.033917
0.0134186 -0.00392202
-0.444152 -0.260274
0.0180949 -0.0116174
-0.104497 -0.0315071
0.029366 0.00615005
0.234955 0.143773
-0.0538438 -0.00470254
0.652182 0.291583
0.0715065 -0.056327
0.26629 -0.0319492
0.0368269 -0.0103928
0.809476 -0.286437
-0.0430244 0.0789269
0.512077 0.0988497
-0.0315834 0.031095
-0.258133 -0.0605114
-0.0146345 -0.0374782
-0.277578 -0.150083
0.0280395 -0.0332666
-0.454456 0.00495337
0.0063605 0.0100905
-0.964166 0.317998
-0.101754 0.0240196
-0.932731 0.221676
0.0251823 -0.0213065
-0.509983 -0.144576
0.0144521 -0.0304603
-0.115604 -0.0229612
0.0212694 0.00165713
0.255254 0.0747646
-0.0653978 0.0469509
0.703702 0.0543269
0.069857 -0.027051
0.48762 -0.0988749
0.0295193 -0.0168235
0.232555 -0.0311063
-0.0121281 -0.00568755
-0.019171 -0.00822185
0.167432 -0.0243291
-0.00133864 -0.0114273
-0.504653 -0.618811
-0.0472388 -0.0169189
-0.473255 0.322147
-0.0367579 -0.106693
-0.416074 0.621968
-0.068024 0.044883
-0.0679066 0.367042
-0.0107066 -0.0130535
-0.0222134 0.0969221
-0.0212182 -0.0163618
-0.00527758 0.0718299
-0.0470595 -0.00581178
0.126439 0.0190731
0.0567515 -0.00483995
0.439751 0.0799901
0.0715357 0.00747101
0.752766 -0.123201
-0.0301486 -0.0259393
0.601701 -0.221123
-0.0464621 0.0134259
0.558675 -0.188011
0.0294696 -0.0254415
0.437203 -0.116001
0.0333747 -0.0224525
0.30874 0.196174
0.00168156 0.00273592
0.208264 0.278595
0.00507943 0.00357176
0.00850131 0.110484
0.00352941 0.00865734
-0.0304979 0.168678
0.0211726 0.0364831
-0.670279 -0.0264323
-0.0500952 -0.011526
-1.03413 -0.319537
-0.0429251 -0.0343658
-0.636734 -0.230332
0.0317902 0.0247324
-0.435718 -0.127706
-0.055051 -0.030322
-0.523679 -0.20982
-0.00127411 -0.021497
0.237527 0.156356
0.034299 0.0117914
0.46609 0.380704
0.036246 0.0313238
0.461265 0.638438
0.0183956 0.00903833
0.322894 0.514485
-0.00410006 -0.0453174
0.390667 0.495704
-0.000821397 0.00904574
0.363375 0.407713
0.0499096 0.00523439
0.217528 0.174439
-0.00272446 -0.000557789
-0.424493 -0.0715603
-0.0981189 0.0581278
-0.647952 -0.434011
-0.149491 0.0259752
-0.48433 -0.412892
0.0904773 -0.0708999
-0.364588 -0.345333
0.0229763 -0.0789469
-0.52969 -0.379517
-0.00488201 -0.0465974
0.00173827 -0.0110852
-0.3582 -0.12521
-0.0414129 0.0219949
-0.517042 -0.526351
-0.0291901 -0.0847355
-0.389956 -0.837029
-0.0063417 -0.0503713
-0.310284 -0.560488
0.0272388 0.0459731
-0.567047 -0.303118
-0.0485747 -0.0175522
-0.0529484 0.0138816
0.0514698 -0.62548
-0.0997192 -0.0944692
0.332604 -0.996139
0.0255542 -0.0731121
0.128985 0.157092
0.0163136 0.019348
0.357246 0.44788
0.0186703 0.0547904
0.359189 0.735628
0.00244996 0.0174806
0.221349 0.565515
-0.00730226 -0.0455699
0.258189 0.549942
-0.0230149 0.00798998
0.250321 0.499214
0.0362507 0.0231748
0.236402 0.266795
-0.353566 -0.123167
0.018105 -0.00364792
-0.10379 -0.0348126
0.0263623 -0.0299154
-0.0743095 -0.060674
0.0116856 -0.0463413
-0.0589866 0.119687
-0.0155011 0.0603739
-0.177289 0.420587
-0.0261377 0.0556284
0.0185018 0.765445
0.00998168 -0.0266111
0.115211 0.628786
-0.0110926 -0.0355056
0.057726 0.589269
0.00562182 0.043403
0.0368723 0.480017
0.0209771 0.032509
-0.196534 0.219959
-0.00635577 -0.0172366
-0.329195 0.194591
-0.00663237 0.00134408
-0.111486 0.006589
-0.00724358 0.00530595
-0.186195 -0.0477659

*RT # rest twists
0.0440345
0.0527805
0.0537408
0.0508152
0.0505573
0.0467814
0.0425632
0.043029
0.0432247
0.0390522
0.0496857
0.0281583
-0.00183977
-0.00630884
0.000450802
-0.0134846
-0.0186237
-0.0182216
-0.0202279
0.00491172
0.0211512
0.0234238
0.0219864
0.0194387
0.0134931
0.0202035
0.0201126
0.0236656
0.0428586
0.0387908
0.021507
0.0579657
0.0731492
0.0582854
0.0536622
0.0281493
-0.00565817
-0.00623095
0.00617644
-0.0106523
-0.0146623
-0.00900895
-0.0067634
0.0124999
0.0187066
0.0175309
0.00977448
0.00370504
-0.00208628
0.00737396
0.0111637
0.0177505
0.0385936
0.01351
-0.020602
-0.00117195
0.0064734
0.0161101
0.0225428
0.0295621
0.0376049
0.0447384
0.199739
0.287204
0.261529
0.192104
0.127663
0.0769727
0.0511019
0.0320319
0.0291666
0.0268116
0.0167061
0.00746718
0.00531348
0.00165203
0.00434657
0.00237095
0.0147987
0.0047162
0.0102266
0.0105968
0.00141728
-0.00354889
-0.00139289
0.0062034
0.000877166
0.00805682
0.0048392
0.00668878
0.00312642
-0.00122346
-0.00373066
-0.00975768
-0.0111159
-0.00130754
-0.000817385
0.00697178
-0.00249927
-0.0197638
0.00740641
0.0358281
0.0182211
-0.000412834
-0.00159362
-0.00278199
-0.00800241
-0.00692461
-0.00912569
-0.000192983
0.00365126
0.0134127
0.0203286
0.021938
0.0255902
0.0135029
0.016882
0.0154812
0.0177207
0.0275253
0.0600043
0.120034
0.237288
0.139585
0.110485
0.0953374
0.0560451
0.0142875
0.00138732
0.00138147
0.00356128
-0.017911
-0.0187794
-0.0169328
-0.0070525
-0.0109973
-0.0298287
0.000677267
0.0209024
0.0209694
0.0519696
0.108158
0.218713
0.322586
0.0152348
0.0156309
0.00472828
0.00249877
-0.00835423
-0.00545233
-0.00264433
0.00988105
0.0111125
0.0142125
0.00810844
-0.0106909
-0.00216596
0.0119168
0.010443
0.0101956
0.0120304
0.00766465
0.00251857
0.00458672
0.00574305
0.00827721
0.00931249
0.0177609
0.00501265
0.0141563
0.0136899
0.00839757
0.000422159
0.00387807
0.00857915
0.00119486
0.00723685
0.0046047
0.00925829
0.0108537
0.0104902
0.0162073

*RefD1 # reference directors
0.316915 0.832919 -0.453663
0.263914 0.831984 -0.488008
0.0453594 0.831682 -0.553397
0.0208864 0.816187 -0.57741
0.000751351 0.814497 -0.580167
-0.195112 0.8096 -0.553605
-0.235698 0.79542 -0.55835
-0.517581 0.70873 -0.479388
-0.603946 0.675471 -0.423071
-0.964535 0.227918 0.133141
-0.977945 0.161422 0.132536
-0.88142 -0.280343 0.38014
-0.894487 -0.208879 0.395301
-0.970195 0.0267566 0.240845
-0.979721 0.0731309 0.186545
-0.951644 0.30184 -0.057146
-0.943638 0.325015 -0.0625528
-0.716929 0.530181 -0.452681
-0.6548 0.53917 -0.529654
0.241676 0.547006 -0.801484
0.422879 0.429882 -0.797731
0.960044 -0.104048 -0.259789
0.96023 -0.167892 -0.223094
0.903723 -0.42677 0.0339483
0.911218 -0.409949 0.0402935
0.88199 -0.455608 0.120476
0.882921 -0.459155 0.0981173
0.913769 -0.387488 -0.121981
0.943835 -0.316168 -0.095985
0.872881 0.144156 -0.466151
0.766428 0.186966 -0.614517
-0.463064 0.815035 -0.348266
-0.51345 0.799943 -0.310582
-0.886034 0.431827 0.168731
-0.894377 0.410058 0.178724
-0.8769 0.0170814 0.48037
-0.867137 0.104228 0.487042
-0.91323 0.311907 0.262156
-0.917078 0.345146 0.199604
-0.86383 0.499366 -0.066566
-0.864082 0.498036 -0.0729502
-0.612512 0.64763 -0.453215
-0.551122 0.666344 -0.502245
0.326444 0.653006 -0.683387
0.523331 0.581122 -0.623234
0.990159 0.139886 0.0040985
0.993312 0.106354 0.0449471
0.875583 -0.244933 0.416367
0.865569 -0.267475 0.423376
0.791225 -0.362101 0.492794
0.794131 -0.37215 0.480478
0.924347 -0.240504 0.296209
0.941618 -0.154785 0.298995
0.888811 0.396163 -0.230369
0.779203 0.490977 -0.389595
0.324011 0.699941 -0.636474
0.235477 0.716504 -0.656638
-0.0288598 0.708113 -0.705509
-0.0456677 0.695221 -0.717344
-0.0470138 0.693865 -0.718569
-0.224839 0.674809 -0.702909
-0.236763 0.66997 -0.703622
0.0107035 -0.0438994 -0.998979
0.11943 -0.0192457 -0.992656
0.368569 0.068267 -0.92709
0.470044 0.10557 -0.876307
0.627618 0.20031 -0.75231
0.662084 0.282459 -0.694162
0.718622 0.338553 -0.607424
0.696566 0.416379 -0.584316
0.628852 0.466277 -0.622198
0.568303 0.464332 -0.679285
0.614681 0.492895 -0.615811
0.609401 0.521972 -0.596805
0.698827 0.330522 -0.634347
0.739434 0.179438 -0.648875
0.845409 -0.280536 -0.454514
0.848424 -0.372085 -0.37647
0.60484 -0.796081 0.0205614
0.613087 -0.789851 -0.0160974
0.191739 -0.93645 0.293764
0.181688 -0.941079 0.285236
-0.41487 -0.831642 0.369126
-0.523008 -0.763752 0.378346
-0.88982 -0.39239 0.232918
-0.94872 -0.264017 0.173855
-0.996178 0.074456 0.0456616
-0.985719 0.16651 0.0251568
-0.93338 0.358605 0.0142663
-0.920548 0.38947 -0.0300676
-0.93173 0.358271 -0.0593399
-0.941039 0.327786 -0.0836755
-0.961346 0.226663 -0.156323
-0.95907 0.167123 -0.228592
-0.737783 -0.483045 -0.471533
-0.609455 -0.652991 -0.449629
0.216191 -0.971485 -0.0973616
0.285912 -0.958158 0.0136923
0.585469 -0.659547 0.471407
0.601064 -0.654409 0.458772
0.667921 -0.268648 0.694053
0.632814 -0.230553 0.739183
0.418499 0.187378 0.888678
0.453667 0.168907 0.875018
0.580689 -0.107738 0.806965
0.615778 -0.214594 0.758133
0.539405 -0.659092 0.524061
0.481967 -0.731642 0.482088
0.086198 -0.911601 0.401938
0.0442823 -0.910043 0.412142
-0.187666 -0.861249 0.472262
-0.20887 -0.855369 0.474044
-0.408497 -0.69224 0.594924
-0.444198 -0.659863 0.606027
-0.529181 -0.388271 0.754462
-0.494976 -0.312115 0.810915
-0.436681 -0.0867009 0.895429
-0.431042 -0.056679 0.90055
-0.599463 -0.372749 0.708309
-0.653808 -0.469333 0.593516
-0.524962 -0.783694 0.332022
-0.435736 -0.87083 0.227571
0.296297 -0.90338 0.310021
0.34209 -0.898432 0.275309
0.541647 -0.57788 0.61047
0.568849 -0.535865 0.623907
0.351917 -0.0679451 0.933562
0.364009 -0.00581218 0.931377
-0.348448 -0.439729 0.827781
-0.449085 -0.65719 0.60533
-0.494198 -0.65151 0.575588
-0.400812 -0.874604 0.272796
-0.360899 -0.899429 0.246535
-0.116323 -0.990006 0.0797357
-0.0580201 -0.993942 0.0933444
0.282065 -0.94193 0.18223
0.274581 -0.936799 0.216823
0.61561 -0.558364 0.556106
0.649965 -0.485052 0.585038
-0.0519404 -0.66835 0.742031
0.0115807 -0.534123 0.845328
0.0264102 -0.545711 0.837557
-0.527792 -0.0214618 0.849103
-0.658275 0.0489888 0.751182
0.423507 -0.189187 0.885918
0.428557 -0.258767 0.865667
0.406051 -0.645839 0.646541
0.355682 -0.699656 0.619655
0.0058191 -0.841248 0.540619
-0.0343436 -0.826764 0.5615
-0.155624 -0.75063 0.642134
-0.15878 -0.749579 0.642589
-0.225749 -0.696954 0.680656
-0.25167 -0.726803 0.639077
-0.404997 -0.620635 0.671409
-0.420635 -0.581237 0.696584
-0.409229 -0.385458 0.827015
0.58297 -0.159033 0.796778
0.573447 -0.135588 0.807945
0.552216 0.0325515 0.833065
0.536053 0.0671488 0.841509
0.474953 0.189493 0.859367
0.421903 0.198997 0.884533
0.364168 0.271636 0.89084
0.362012 0.329434 0.872021
0.355252 0.477984 0.803323
0.362772 0.502987 0.784474
0.36075 0.450378 0.816712
0.412126 0.416513 0.810351
0.319266 0.359764 0.876721
0.349277 0.36745 0.861966
0.253322 0.327798 0.910152
0.237524 0.331971 0.912895
0.178916 0.399831 0.898957
0.181345 0.424414 0.887123
0.205863 0.248403 0.946529
0.242061 0.199363 0.949558
0.17672 -0.167103 0.969972
0.0683554 -0.188284 0.979733
0.0181522 -0.344766 0.938513
0.0127167 -0.405729 0.913905
-0.0183115 -0.610351 0.79192

*RefT # reference twists
0.66245
-0.0170925
-0.0281
-0.0272988
-0.00221382
0.0221619
-0.0129355
-0.0106157
0.00971157
-0.0268733
-0.0554894
-0.144183
0.0553239
0.029915
-0.00867911
0.0119004
0.0163189
-0.0232627
-0.0271735
-0.124632
-0.105566
-0.226969
-0.0389354
-0.0514653
0.0166248
0.0346077
-0.0207167
-0.138362
0.0692652
0.106028
-0.0456299
0.35672
0.0147309
0.00122731
-0.012527
-0.0652819
0.0639435
-0.0351056
-0.0205549
-0.0342158
-0.00463766
-0.0179627
0.00345992
-0.00372843
-0.0204723
-0.0323258
-0.00708701
-0.0375059
-0.00971994
-0.00310313
-0.0161249
-0.0485561
0.0652424
0.146249
0.00801656
0.0877892
0.0106553
-0.0114992
-0.0161349
-0.00174204
0.00382075
-0.00382211
1.79081
0.0739113
0.147814
0.0354564
0.0188923
0.00941671
-0.0751063
0.000443184
0.0618972
0.0758653
-0.0818648
-0.0296448
0.122615
0.0979228
0.14292
0.00513865
-0.00130648
0.0274274
-0.192313
0.00937195
-0.188325
-0.0588302
-0.14155
-0.0356546
-0.0610947
-0.0142678
-0.0221555
0.0456648
0.0247799
0.0170918
0.0371727
0.0413999
0.0249869
-0.0353891
0.0309034
-0.0314109
0.0413536
0.0203942
0.11425
-0.0263592
0.0384854
0.016155
-0.0348262
0.00472123
-0.00906712
-0.0089215
-0.0715217
-0.016212
-0.0459079
0.00457835
0.00166563
0.0242761
0.105545
0.00495633
0.111868
0.0210097
-0.125823
-0.0183221
-0.172346
-0.014519
1.67874
0.0571975
0.179034
0.0398582
0.054425
0.0515373
-0.0814545
-0.0600771
0.0417683
-0.0767208
-0.0172684
0.083413
-0.00331185
0.106316
-0.0280418
0.155544
0.0378353
0.0263205
-0.108218
-0.00326797
-0.187187
-0.0295772
-0.0613144
-0.0272647
-0.0573075
-0.0322868
-0.143925
-0.0362099
-0.107762
0.000204095
-0.00694185
0.0496493
0.141847
0.0238987
0.0923503
-0.0143674
-0.000475449
0.0632975
0.00432455
0.0207884
-0.0418369
-0.00859465
0.0286819
0.0395234
0.00910696
0.0232434
0.0586024
0.0279279
-0.0094163
0.0838957
0.00810117
0.0183757
-0.007703
-0.0288084
-0.0453301
-0.0531148
0.0919107
-0.0116794
-0.0142035
-0.0147685

